  0.50000000000000000        2.6580417948665207E-002
  0.51330374765918108        3.1014442232142090E-002
  0.52883502869289256        2.9332757730504803E-002
  0.54353329136196571        2.5759624834210279E-002
  0.55644869482548942        2.3144121427192035E-002
  0.56805872923084033        2.3345871104012740E-002
  0.57977540947432682        2.7832021502655686E-002
  0.59375011886521034        5.7097439887547209E-002
  0.62243528936488957        3.6065660442192483E-002
  0.64057511054725580        4.0229276559019374E-002
  0.66082377836638340        6.0289102726781084E-002
  0.69119377954862282        5.6816207849246798E-002
  0.71984913586833554        4.8414323030922954E-002
  0.74429499064719984        3.8351657280564860E-002
  0.76367884632783967        3.0653423008386409E-002
  0.77918384532099194        3.6007216899185519E-002
  0.79740817940598330        3.9668940116547473E-002
  0.81750046300723411        3.3247663133497946E-002
  0.83435391494402200        3.8886707691674113E-002
  0.85407912747401349        8.4884610646743769E-002
  0.89717067973184894        9.7521047074283176E-002
  0.94676250695398223        9.2775663311313039E-002
  0.99403487094574139       0.10051566117515759     
   1.0453479637447032        8.0715131014639258E-002
   1.0866375768805669        7.5012902245675195E-002
   1.1250736579200633       0.10518823744477702     
   1.1790542958864119       0.14551156529806716     
   1.2538895240566497        9.4222976643643958E-002
   1.3024927858283455        6.7852765072037149E-002
   1.3375615507735124       0.16034336034754193     
   1.4205491323585058        9.0899537004142730E-002
   1.4677516801648332       0.20475464991613532     
   1.5742781499632823       0.17543598379316899     
   1.6659409232381734       0.10930047588007949     
   1.7232586178806095       0.15941138500461483     
   1.8070465953062664       0.15653423821938373     
   1.8895985312209604       0.18784850458409441     
   1.9889924318229604       0.28980583165814972     
   2.1429445829369711       0.14760949444879795     
   2.2218428304437077       0.23950823628871232     
   2.3502662173998559       0.30627258866257923     
   2.5153341602203603       0.37042606471401546     
   2.7000000000000002        1.1823292393131444     
   3.0231011783894775        1.2542453669673961     
   3.3703137647430590        1.2168194988919627     
   3.7118767614734272        1.9772412139782003     
   4.2745261693507652        2.0185792229929276     
   4.8620131300787666        1.9369649393674711     
