)O+_06 Big-body initial data  (WARNING: Do not delete this line!!)
) Lines beginning with `)' are ignored.
)--------------------------------------------------
      style (Cartesian, Asteroidal, Cometary) = Cart
epoch (in days) = 0
)--------------------------------------------------
           1 m=   1.2143230000000000E-007 r=   1.0000000000000000      d=   3.0000000000000000     
 -0.39564515979999998      -0.26667238180000002       -9.3375100000000000E-005
   1.4947026299999999E-002  -2.0619243200000002E-002   5.6223300000000001E-005
   0.0000000000000000        0.0000000000000000        0.0000000000000000     
           2 m=   1.2573580000000000E-007 r=   1.0000000000000000      d=   3.0000000000000000     
 -0.52683322919999998        3.9142705500000000E-002   1.6360910999999999E-003
  -2.1663523000000000E-003  -2.3157673899999998E-002  -5.8953999999999998E-005
   0.0000000000000000        0.0000000000000000        0.0000000000000000     
           3 m=   1.3024259999999999E-007 r=   1.0000000000000000      d=   3.0000000000000000     
  0.40409203640000002       0.23464284310000000        1.7814649999999999E-004
  -1.2815153600000000E-002   2.3139164100000002E-002  -2.2449399999999999E-005
   0.0000000000000000        0.0000000000000000        0.0000000000000000     
           4 m=   1.3496469999999999E-007 r=   1.0000000000000000      d=   3.0000000000000000     
  0.50263340420000002       0.19993129460000000        1.5164639999999999E-004
  -8.7295883000000005E-003   2.1523398300000000E-002  -1.2417599999999999E-005
   0.0000000000000000        0.0000000000000000        0.0000000000000000     
           5 m=   1.3991510000000001E-007 r=   1.0000000000000000      d=   3.0000000000000000     
  0.53484260930000005       -4.9876054900000001E-002  -3.1673344000000001E-003
   6.3937012000000000E-003   2.2768050900000000E-002  -1.4195030000000000E-004
   0.0000000000000000        0.0000000000000000        0.0000000000000000     
           6 m=   1.4510760000000001E-007 r=   1.0000000000000000      d=   3.0000000000000000     
  0.17386555840000001       0.59174065760000005       -1.6715326999999999E-003
  -1.9607110200000000E-002   6.6863017999999998E-003   3.2118100000000000E-005
   0.0000000000000000        0.0000000000000000        0.0000000000000000     
           7 m=   1.5055690000000000E-007 r=   1.0000000000000000      d=   3.0000000000000000     
  0.47904984099999998      -0.29500476349999999       -1.3298737000000001E-003
   1.1567944900000000E-002   1.9989727799999999E-002  -1.1241000000000000E-004
   0.0000000000000000        0.0000000000000000        0.0000000000000000     
           8 m=   1.5627899999999999E-007 r=   1.0000000000000000      d=   3.0000000000000000     
  0.16807238440000000      -0.53219220730000005        3.8581740999999998E-003
   2.2232732000000002E-002   7.7033674000000002E-003   1.0898740000000001E-004
   0.0000000000000000        0.0000000000000000        0.0000000000000000     
           9 m=   1.6229080000000000E-007 r=   1.0000000000000000      d=   3.0000000000000000     
 -0.56644441140000001       -2.8704817699999999E-002   1.0327397000000000E-003
  -7.4207800000000005E-005  -2.3416935800000000E-002   6.0211699999999998E-005
   0.0000000000000000        0.0000000000000000        0.0000000000000000     
          10 m=   1.6861070000000000E-007 r=   1.0000000000000000      d=   3.0000000000000000     
 -0.10499669850000000       0.60245280369999998       -4.3741628000000003E-003
  -2.1392511100000001E-002  -5.1500951999999996E-003  -3.1783599999999998E-005
   0.0000000000000000        0.0000000000000000        0.0000000000000000     
          11 m=   1.7525850000000001E-007 r=   1.0000000000000000      d=   3.0000000000000000     
 -0.10137537730000000      -0.62871414110000001       -5.0082570999999999E-003
   2.1125167300000001E-002  -3.2906645000000002E-003   6.6794900000000007E-005
   0.0000000000000000        0.0000000000000000        0.0000000000000000     
          12 m=   1.8225540000000001E-007 r=   1.0000000000000000      d=   3.0000000000000000     
 -0.59235199940000005       0.43396137880000002       -1.7324281000000001E-003
  -1.1655611400000000E-002  -1.4463224000000000E-002  -6.6600799999999994E-005
   0.0000000000000000        0.0000000000000000        0.0000000000000000     
          13 m=   1.8962419999999999E-007 r=   1.0000000000000000      d=   3.0000000000000000     
  0.61543081529999999       0.39627509890000001       -2.6490478000000001E-003
  -1.0943723600000000E-002   1.5458875500000000E-002   1.6001000000000001E-005
   0.0000000000000000        0.0000000000000000        0.0000000000000000     
          14 m=   1.9738980000000001E-007 r=   1.0000000000000000      d=   3.0000000000000000     
  0.54477909899999999       0.27802119019999999        2.6990292000000000E-003
  -1.0624328100000000E-002   2.0395108100000000E-002  -1.2264730000000000E-004
   0.0000000000000000        0.0000000000000000        0.0000000000000000     
          15 m=   2.0557860000000000E-007 r=   1.0000000000000000      d=   3.0000000000000000     
 -0.59793775469999999      -0.33103844510000002        2.9563088999999998E-003
   1.1820079600000000E-002  -1.7271456300000002E-002   1.0169400000000001E-004
   0.0000000000000000        0.0000000000000000        0.0000000000000000     
          16 m=   2.1421969999999999E-007 r=   1.0000000000000000      d=   3.0000000000000000     
  0.68980223979999999       0.18072738839999999        3.0896960999999999E-003
  -5.4313623000000000E-003   1.9577625299999998E-002   1.5106880000000000E-004
   0.0000000000000000        0.0000000000000000        0.0000000000000000     
          17 m=   2.2334399999999999E-007 r=   1.0000000000000000      d=   3.0000000000000000     
 -0.58590906340000004      -0.49930206929999998       -1.6717822000000000E-003
   1.2707931699999999E-002  -1.4170287500000000E-002   2.3804699999999999E-005
   0.0000000000000000        0.0000000000000000        0.0000000000000000     
          18 m=   2.3298529999999999E-007 r=   1.0000000000000000      d=   3.0000000000000000     
  0.69479866000000001      -0.22538691440000000       -2.9632399999999999E-004
   6.7769887000000001E-003   1.9190484099999999E-002  -9.6453599999999994E-005
   0.0000000000000000        0.0000000000000000        0.0000000000000000     
          19 m=   2.4318020000000002E-007 r=   1.0000000000000000      d=   3.0000000000000000     
  0.64456933679999995      -0.35294532960000002       -4.6205476000000002E-003
   8.5842422999999994E-003   1.8600559400000001E-002  -5.8649500000000001E-005
   0.0000000000000000        0.0000000000000000        0.0000000000000000     
          20 m=   2.5396830000000002E-007 r=   1.0000000000000000      d=   3.0000000000000000     
 -0.15269223320000000      -0.79123308240000001        3.9834624999999999E-003
   1.8643046999999999E-002  -3.3812219000000001E-003   7.3439600000000001E-005
   0.0000000000000000        0.0000000000000000        0.0000000000000000     
          21 m=   2.6539259999999998E-007 r=   1.0000000000000000      d=   3.0000000000000000     
 -0.74456767219999997      -0.24295664630000000        1.6239490000000001E-004
   4.8662723999999997E-003  -1.9148149199999999E-002  -3.2215499999999997E-005
   0.0000000000000000        0.0000000000000000        0.0000000000000000     
          22 m=   2.7749990000000000E-007 r=   1.0000000000000000      d=   3.0000000000000000     
 -0.20665444610000000       0.81350862110000000       -1.6522430000000000E-004
  -1.7622622399999999E-002  -6.2615591999999999E-003   2.1397999999999998E-006
   0.0000000000000000        0.0000000000000000        0.0000000000000000     
          23 m=   2.9034100000000002E-007 r=   1.0000000000000000      d=   3.0000000000000000     
 -0.88252860050000004      -0.32287795000000002        7.4733361000000002E-003
   6.5037838999999998E-003  -1.5555124400000000E-002   2.7648000000000000E-005
   0.0000000000000000        0.0000000000000000        0.0000000000000000     
          24 m=   3.0397129999999999E-007 r=   1.0000000000000000      d=   3.0000000000000000     
 -0.85574131819999999      -0.57767386690000000        9.7152500000000002E-005
   9.7072592000000003E-003  -1.1966077900000000E-002   1.0046470000000000E-004
   0.0000000000000000        0.0000000000000000        0.0000000000000000     
          25 m=   3.1845130000000000E-007 r=   1.0000000000000000      d=   3.0000000000000000     
  0.76771067179999997       0.55131342660000004       -5.7979811000000003E-003
  -1.1717431900000000E-002   1.2753280800000001E-002   7.0927599999999995E-005
   0.0000000000000000        0.0000000000000000        0.0000000000000000     
          26 m=   3.3384669999999998E-007 r=   1.0000000000000000      d=   3.0000000000000000     
 -0.99469144389999997        7.6439675499999998E-002  -6.1173864000000000E-003
  -1.2089806999999999E-003  -1.6583238300000001E-002  -5.3323299999999998E-005
   0.0000000000000000        0.0000000000000000        0.0000000000000000     
          27 m=   3.5022960000000001E-007 r=   1.0000000000000000      d=   3.0000000000000000     
 -0.49114766329999998      -0.92439861550000002       -2.8427674000000001E-003
   1.3924498299999999E-002  -8.0028814000000000E-003   3.7515999999999998E-006
   0.0000000000000000        0.0000000000000000        0.0000000000000000     
          28 m=   3.6767870000000002E-007 r=   1.0000000000000000      d=   3.0000000000000000     
  0.31545588889999998      -0.89459968059999995       -6.4543498000000001E-003
   1.6923215700000001E-002   6.2635223999999998E-003  -5.0738900000000003E-005
   0.0000000000000000        0.0000000000000000        0.0000000000000000     
          29 m=   3.8628030000000002E-007 r=   1.0000000000000000      d=   3.0000000000000000     
 -0.78850978800000004      -0.63464856780000001       -1.6965170000000000E-003
   1.3081657300000001E-002  -1.1151721900000000E-002   5.5965999999999999E-006
   0.0000000000000000        0.0000000000000000        0.0000000000000000     
          30 m=   4.0612879999999999E-007 r=   1.0000000000000000      d=   3.0000000000000000     
  0.68146446989999998       0.84683612200000002       -8.0873648999999995E-003
  -1.3323669500000000E-002   9.3081462000000007E-003  -1.0821600000000000E-005
   0.0000000000000000        0.0000000000000000        0.0000000000000000     
          31 m=   4.2732809999999999E-007 r=   1.0000000000000000      d=   3.0000000000000000     
  0.22072815209999999       0.93242068670000000        1.2578086000000000E-003
  -1.8056660700000001E-002   4.4825656999999998E-003   5.9250899999999999E-005
   0.0000000000000000        0.0000000000000000        0.0000000000000000     
          32 m=   4.4999210000000002E-007 r=   1.0000000000000000      d=   3.0000000000000000     
  -9.2002348900000003E-002   1.2267949503000000       -7.2485911999999996E-003
  -1.4752095000000000E-002  -7.5120600000000003E-004   8.8181200000000002E-005
   0.0000000000000000        0.0000000000000000        0.0000000000000000     
          33 m=   4.7424629999999997E-007 r=   1.0000000000000000      d=   3.0000000000000000     
   1.2049720943000000       0.10233062830000000       -9.2044941999999998E-003
   1.1562034000000001E-003   1.5287020000000000E-002   1.7323600000000001E-005
   0.0000000000000000        0.0000000000000000        0.0000000000000000     
          34 m=   5.0022890000000001E-007 r=   1.0000000000000000      d=   3.0000000000000000     
 -0.33682936530000002       -1.1438158964000000        3.9736049999999998E-003
   1.5415064300000000E-002  -3.5690781999999999E-003  -7.6310399999999994E-005
   0.0000000000000000        0.0000000000000000        0.0000000000000000     
          35 m=   5.2809229999999999E-007 r=   1.0000000000000000      d=   3.0000000000000000     
   1.2645136964999999       0.17022310850000000        8.9556306000000002E-003
  -8.3139469999999997E-004   1.5013597800000000E-002   7.4562900000000004E-005
   0.0000000000000000        0.0000000000000000        0.0000000000000000     
          36 m=   5.5800500000000003E-007 r=   1.0000000000000000      d=   3.0000000000000000     
 -0.39672227199999999       -1.2486604498000000        8.2177801000000005E-003
   1.4454120300000000E-002  -3.6286852000000001E-003   9.2923000000000008E-006
   0.0000000000000000        0.0000000000000000        0.0000000000000000     
          37 m=   5.9015320000000004E-007 r=   1.0000000000000000      d=   3.0000000000000000     
  0.24747160690000000        1.4049783850999999       -4.4933584000000004E-003
  -1.3375033900000000E-002   3.7808354999999999E-003   1.0699940000000000E-004
   0.0000000000000000        0.0000000000000000        0.0000000000000000     
          38 m=   6.2474309999999999E-007 r=   1.0000000000000000      d=   3.0000000000000000     
   1.1335274627000000       0.88731242099999996       -7.9676147999999999E-003
  -9.0331495000000005E-003   1.0756662800000000E-002  -5.5650399999999998E-005
   0.0000000000000000        0.0000000000000000        0.0000000000000000     
          39 m=   6.6200329999999998E-007 r=   1.0000000000000000      d=   3.0000000000000000     
  -1.1123806409999999       -1.0833465471999999        6.4931090000000004E-003
   1.0305362400000000E-002  -8.2960494999999995E-003   8.3958000000000002E-006
   0.0000000000000000        0.0000000000000000        0.0000000000000000     
          40 m=   7.0218789999999997E-007 r=   1.0000000000000000      d=   3.0000000000000000     
  -1.2360756381000000       0.74782083710000002        7.3426469000000003E-003
  -8.3002353999999997E-003  -1.1924353100000000E-002  -8.6740800000000001E-005
   0.0000000000000000        0.0000000000000000        0.0000000000000000     
          41 m=   7.4557899999999996E-007 r=   1.0000000000000000      d=   3.0000000000000000     
 -0.59084010730000003       -1.4209150133999999       -4.9195680000000000E-003
   1.2819205400000000E-002  -5.3946063000000002E-003   1.0926490000000000E-004
   0.0000000000000000        0.0000000000000000        0.0000000000000000     
          42 m=   7.9249119999999998E-007 r=   1.0000000000000000      d=   3.0000000000000000     
   1.0245835212000001       -1.1022788079000001       -7.0900130999999996E-003
   8.8118763000000003E-003   1.1478083599999999E-002   5.3467899999999997E-005
   0.0000000000000000        0.0000000000000000        0.0000000000000000     
          43 m=   8.4327469999999996E-007 r=   1.0000000000000000      d=   3.0000000000000000     
  0.72940720090000000       -1.5187280479000000       -2.6638573000000000E-003
   1.1828397300000000E-002   5.8861425999999998E-003   1.0290000000000000E-006
   0.0000000000000000        0.0000000000000000        0.0000000000000000     
          44 m=   8.9832090000000005E-007 r=   1.0000000000000000      d=   3.0000000000000000     
   1.3064078725999999       -1.3653917809000000        5.8735660000000002E-004
   9.0928920000000000E-003   7.7969240000000002E-003   6.0364999999999997E-006
   0.0000000000000000        0.0000000000000000        0.0000000000000000     
          45 m=   9.5806710000000007E-007 r=   1.0000000000000000      d=   3.0000000000000000     
   1.5506154387000000      -0.87279437739999999        9.0959253999999996E-003
   7.2320038000000001E-003   1.0837372499999999E-002  -2.1037400000000000E-005
   0.0000000000000000        0.0000000000000000        0.0000000000000000     
          46 m=   1.0230030000000001E-006 r=   1.0000000000000000      d=   3.0000000000000000     
   1.2064419072999999       -1.4777226084999999       -2.2063420000000000E-004
   9.5818738999999993E-003   7.8929861000000007E-003   1.2208000000000000E-006
   0.0000000000000000        0.0000000000000000        0.0000000000000000     
          47 m=   1.0936770000000000E-006 r=   1.0000000000000000      d=   3.0000000000000000     
  -1.5239227091000001       -1.2537240539000001       -1.3555622700000000E-002
   7.4481614000000002E-003  -9.7406643999999997E-003   3.1541400000000003E-005
   0.0000000000000000        0.0000000000000000        0.0000000000000000     
          48 m=   1.1707050000000000E-006 r=   1.0000000000000000      d=   3.0000000000000000     
   1.8106686095000000      -0.73188915550000000        1.0486555200000001E-002
   5.0122318000000001E-003   1.1610554699999999E-002   7.0006000000000004E-006
   0.0000000000000000        0.0000000000000000        0.0000000000000000     
          49 m=   1.2547799999999999E-006 r=   1.0000000000000000      d=   3.0000000000000000     
  -1.7143946986000000       -1.1084920074000000       -8.7100790000000001E-004
   5.5535120000000000E-003  -1.1056304200000000E-002   4.8051099999999998E-005
   0.0000000000000000        0.0000000000000000        0.0000000000000000     
          50 m=   1.3466780000000000E-006 r=   1.0000000000000000      d=   3.0000000000000000     
  -2.0533647001999999      -0.98773058260000002       -3.2352126000000001E-003
   5.0772083999999999E-003  -1.0163956500000000E-002   6.6830999999999996E-006
   0.0000000000000000        0.0000000000000000        0.0000000000000000     
          51 m=   1.4472770000000001E-006 r=   1.0000000000000000      d=   3.0000000000000000     
 -0.25193228509999999       -2.0771199964000000       -7.8245863000000002E-003
   1.2546660100000001E-002  -8.9092260000000003E-004  -1.9202100000000000E-005
   0.0000000000000000        0.0000000000000000        0.0000000000000000     
          52 m=   1.5575640000000000E-006 r=   1.0000000000000000      d=   3.0000000000000000     
  -1.8622537587000001       -1.6531271413999999       -8.7080049999999998E-004
   7.2508008999999998E-003  -8.1434630999999997E-003   8.2878400000000003E-005
   0.0000000000000000        0.0000000000000000        0.0000000000000000     
          53 m=   1.6786530000000001E-006 r=   1.0000000000000000      d=   3.0000000000000000     
   1.2822026646000000       -2.0056505927999999        1.2167821000000001E-003
   1.0302715900000000E-002   5.4241202000000002E-003  -5.1831300000000000E-005
   0.0000000000000000        0.0000000000000000        0.0000000000000000     
          54 m=   7.9300599999999994E-006 r=   1.0000000000000000      d=   3.0000000000000000     
   4.1478244989000004       -1.5141698101000001        4.0478136999999997E-003
   2.6401593000000001E-003   6.8616131000000004E-003   5.9415400000000000E-005
   0.0000000000000000        0.0000000000000000        0.0000000000000000     
          55 m=   8.9425100000000002E-006 r=   1.0000000000000000      d=   3.0000000000000000     
   3.3335959882999999        2.7197782953999998        1.6244657300000000E-002
  -4.7192468000000001E-003   6.4588550999999999E-003   4.7087099999999998E-005
   0.0000000000000000        0.0000000000000000        0.0000000000000000     
          56 m=   1.0113529999999999E-005 r=   1.0000000000000000      d=   3.0000000000000000     
   4.6007795268000002       -2.1099573581000000        2.4384301600000002E-002
   2.4871921000000001E-003   6.5790761999999997E-003   4.3576499999999999E-005
   0.0000000000000000        0.0000000000000000        0.0000000000000000     
          57 m=   1.1469780000000000E-005 r=   1.0000000000000000      d=   3.0000000000000000     
   2.1306008490999999        4.3725502451000002       -1.4233931800000000E-002
  -6.7822424999999997E-003   3.7473089999999999E-003  -4.2219999999999999E-005
   0.0000000000000000        0.0000000000000000        0.0000000000000000     
