)O+_06 Big-body initial data  (WARNING: Do not delete  this line!!)
) Lines beginning with `)` are ignored.
)--------------------------------------------------
style (Cartesian, Asteroidal, Cometary) = Asteroidal
epoch (in days) = 0.
)--------------------------------------------------
           1 m=   5.7657641098213736E-008 r=   1.0000000000000000      d=   3.0000000000000000     
  0.50000000000000000        1.8791661262512208E-002  0.45606678724288940     
   60.444921255111694        346.59294605255127        210.79229593276978     
   0.0000000000000000        0.0000000000000000        0.0000000000000000     
           2 m=   1.2855379056170840E-007 r=   1.0000000000000000      d=   3.0000000000000000     
  0.50961150371097708        1.6478567123413085E-002  0.14573505520820618     
   152.13534593582153        313.60628128051758        157.87852406501770     
   0.0000000000000000        0.0000000000000000        0.0000000000000000     
           3 m=   1.1853433501600639E-007 r=   1.0000000000000000      d=   3.0000000000000000     
  0.53104960523500766        2.1013987064361574E-003  0.41532635688781738     
   100.49085974693298        16.486799865961075        179.28107142448425     
   0.0000000000000000        0.0000000000000000        0.0000000000000000     
           4 m=   8.1444301472778922E-008 r=   1.0000000000000000      d=   3.0000000000000000     
  0.55083378374769987        7.3515698313713078E-004  0.15526054799556732     
   14.596767872571945        93.430802822113037        230.95832347869873     
   0.0000000000000000        0.0000000000000000        0.0000000000000000     
           5 m=   1.2857567967365388E-007 r=   1.0000000000000000      d=   3.0000000000000000     
  0.56443814775179690        1.0951812267303468E-002  0.30244141817092896     
   274.64730262756348        115.32439827919006        240.53237199783325     
   0.0000000000000000        0.0000000000000000        0.0000000000000000     
           6 m=   6.7685733228721738E-008 r=   1.0000000000000000      d=   3.0000000000000000     
  0.58592697435638497        1.8391549587249756E-002   7.3896355926990509E-002
   177.20412969589233        237.67848014831543        54.685826897621155     
   0.0000000000000000        0.0000000000000000        0.0000000000000000     
           7 m=   1.7130260744910810E-007 r=   1.0000000000000000      d=   3.0000000000000000     
  0.59724900457905539        1.9951177835464479E-002  0.18702365458011627     
   34.900093674659729        303.92110347747803        212.74185419082642     
   0.0000000000000000        0.0000000000000000        0.0000000000000000     
           8 m=   1.4908021144698689E-007 r=   1.0000000000000000      d=   3.0000000000000000     
  0.62591637309525994        2.3979350924491884E-003  0.22343227267265320     
   180.19243240356445        21.588703393936157        82.147135734558105     
   0.0000000000000000        0.0000000000000000        0.0000000000000000     
           9 m=   8.0140984200085710E-008 r=   1.0000000000000000      d=   3.0000000000000000     
  0.65089346426015093        1.5874749422073363E-002  0.25301387906074524     
   262.38248348236084        230.55262327194214        328.14018487930298     
   0.0000000000000000        0.0000000000000000        0.0000000000000000     
          10 m=   1.0015613328320710E-007 r=   1.0000000000000000      d=   3.0000000000000000     
  0.66433380957975785        1.5404745340347291E-002  0.35511648654937744     
   2.1245737373828888        323.24111938476562        254.27030324935913     
   0.0000000000000000        0.0000000000000000        0.0000000000000000     
          11 m=   1.6179086724015490E-007 r=   1.0000000000000000      d=   3.0000000000000000     
  0.68113990355178167        5.0083459354937078E-005  0.44493144750595093     
   189.75575208663940        285.80679416656494        308.73086214065552     
   0.0000000000000000        0.0000000000000000        0.0000000000000000     
          12 m=   1.8542796386797071E-007 r=   1.0000000000000000      d=   3.0000000000000000     
  0.70830649758370290        1.1122419834136962E-002  0.24101483821868896     
   3.1585790589451790        188.82682800292969        15.915183573961258     
   0.0000000000000000        0.0000000000000000        0.0000000000000000     
          13 m=   1.7438403369634525E-007 r=   1.0000000000000000      d=   3.0000000000000000     
  0.73947589106137213        2.1368827670812608E-004  0.29179638624191284     
   120.22282004356384        180.38319110870361        126.25169634819031     
   0.0000000000000000        0.0000000000000000        0.0000000000000000     
          14 m=   1.1253184608630995E-007 r=   1.0000000000000000      d=   3.0000000000000000     
  0.76882543174397511        5.0760948657989505E-003   3.6601789295673370E-002
   277.55447387695312        339.59579229354858        294.07765388488770     
   0.0000000000000000        0.0000000000000000        0.0000000000000000     
          15 m=   2.0058695968794719E-007 r=   1.0000000000000000      d=   3.0000000000000000     
  0.78778724595821370        3.5014656186103821E-003  0.12206616997718811     
   39.080801904201508        230.94695091247559        233.66426467895508     
   0.0000000000000000        0.0000000000000000        0.0000000000000000     
          16 m=   1.1376547242663585E-007 r=   1.0000000000000000      d=   3.0000000000000000     
  0.82161214739675259        2.5297233462333681E-003  0.41935679316520691     
   151.10468029975891        197.01990365982056        107.78272390365601     
   0.0000000000000000        0.0000000000000000        0.0000000000000000     
          17 m=   1.2411014025588182E-007 r=   1.0000000000000000      d=   3.0000000000000000     
  0.84082234876673345        9.7483479976654061E-003  0.34831398725509644     
   222.01716899871826        88.432168364524841        259.61028099060059     
   0.0000000000000000        0.0000000000000000        0.0000000000000000     
          18 m=   2.2336278698276609E-007 r=   1.0000000000000000      d=   3.0000000000000000     
  0.86179543896052924        1.8212649822235107E-002  0.47891077399253845     
   210.42712926864624        297.15880393981934        219.25940752029419     
   0.0000000000000000        0.0000000000000000        0.0000000000000000     
          19 m=   2.1110065092603712E-007 r=   1.0000000000000000      d=   3.0000000000000000     
  0.89957268701423188        1.3463064432144164E-002  0.40991401672363281     
   11.121496036648750        22.623990476131439        116.78596615791321     
   0.0000000000000000        0.0000000000000000        0.0000000000000000     
          20 m=   1.5574512869014398E-007 r=   1.0000000000000000      d=   3.0000000000000000     
  0.93533003726052955        1.8928920030593873E-002  0.34894600510597229     
   126.11956000328064        64.124686717987061        99.163702726364136     
   0.0000000000000000        0.0000000000000000        0.0000000000000000     
          21 m=   2.7700185898380703E-007 r=   1.0000000000000000      d=   3.0000000000000000     
  0.96174873443216757        1.5446701049804688E-002  0.49204117059707642     
   41.021970212459564        321.07859373092651        164.48233723640442     
   0.0000000000000000        0.0000000000000000        0.0000000000000000     
          22 m=   2.1002017417304673E-007 r=   1.0000000000000000      d=   3.0000000000000000     
   1.0087856189143445        1.2084226608276367E-002  0.32077342271804810     
   41.081035137176514        264.20241594314575        323.75247716903687     
   0.0000000000000000        0.0000000000000000        0.0000000000000000     
          23 m=   3.6496977981473104E-007 r=   1.0000000000000000      d=   3.0000000000000000     
   1.0445156992994675        7.9733020067214964E-003  0.40727698802947998     
   117.43596196174622        249.44679021835327        285.12671470642090     
   0.0000000000000000        0.0000000000000000        0.0000000000000000     
          24 m=   4.0139665967091371E-007 r=   1.0000000000000000      d=   3.0000000000000000     
   1.1066956795227358        5.0983405113220219E-003  0.26532581448554993     
   176.49958848953247        81.359864473342896        319.45888280868530     
   0.0000000000000000        0.0000000000000000        0.0000000000000000     
          25 m=   2.3665583627353570E-007 r=   1.0000000000000000      d=   3.0000000000000000     
   1.1752520165282136        1.1910734176635742E-002  0.13510970771312714     
   227.10587739944458        143.76632809638977        204.08037900924683     
   0.0000000000000000        0.0000000000000000        0.0000000000000000     
          26 m=   3.0559876910888748E-007 r=   1.0000000000000000      d=   3.0000000000000000     
   1.2157825215996969        4.4302433729171754E-004   3.7140501663088799E-003
   137.67673730850220        17.286648005247116        241.49378299713135     
   0.0000000000000000        0.0000000000000000        0.0000000000000000     
          27 m=   1.8629634917877889E-007 r=   1.0000000000000000      d=   3.0000000000000000     
   1.2682053542403968        2.7792772650718691E-003   7.0912651717662811E-002
   193.17578315734863        60.750687718391418        126.25859498977661     
   0.0000000000000000        0.0000000000000000        0.0000000000000000     
          28 m=   5.1336831983279664E-007 r=   1.0000000000000000      d=   3.0000000000000000     
   1.3002299683675473        1.2942317724227905E-002  0.39069148898124695     
   15.579845756292343        168.33222985267639        344.34491157531738     
   0.0000000000000000        0.0000000000000000        0.0000000000000000     
          29 m=   4.6582902094734142E-007 r=   1.0000000000000000      d=   3.0000000000000000     
   1.3885918490059326        6.8939663469791420E-005  0.44917768239974976     
   323.10299634933472        176.30827188491821        165.09586572647095     
   0.0000000000000000        0.0000000000000000        0.0000000000000000     
          30 m=   4.4744012711753516E-007 r=   1.0000000000000000      d=   3.0000000000000000     
   1.4690550730926315        8.6947321891784664E-003  0.47637087106704712     
   31.493578255176544        101.36079668998718        195.46548843383789     
   0.0000000000000000        0.0000000000000000        0.0000000000000000     
          31 m=   3.5047291610333381E-007 r=   1.0000000000000000      d=   3.0000000000000000     
   1.5465911115798265        9.2177075147628785E-003  0.25611934065818787     
   208.55265140533447        223.34572076797485        259.99774217605591     
   0.0000000000000000        0.0000000000000000        0.0000000000000000     
          32 m=   3.0288177940090892E-007 r=   1.0000000000000000      d=   3.0000000000000000     
   1.6075125402453827        4.2437735199928285E-003  0.22917658090591431     
   242.02473163604736        349.93738174438477        60.832157135009766     
   0.0000000000000000        0.0000000000000000        0.0000000000000000     
          33 m=   7.5380410861875816E-007 r=   1.0000000000000000      d=   3.0000000000000000     
   1.6602898293437278        4.5425486564636235E-003  0.45894518494606018     
   243.43497276306152        110.52773952484131        142.79355525970459     
   0.0000000000000000        0.0000000000000000        0.0000000000000000     
          34 m=   6.1703025827849093E-007 r=   1.0000000000000000      d=   3.0000000000000000     
   1.7919181275858354        3.6755251884460450E-003  0.46004831790924072     
   65.538318157196045        165.74726700782776        295.02168416976929     
   0.0000000000000000        0.0000000000000000        0.0000000000000000     
          35 m=   4.8367211087129914E-007 r=   1.0000000000000000      d=   3.0000000000000000     
   1.9002319408586292        1.8809810876846314E-002  0.26041159033775330     
   244.67243671417236        217.91967630386353        288.21237087249756     
   0.0000000000000000        0.0000000000000000        0.0000000000000000     
          36 m=   6.9410979814665816E-007 r=   1.0000000000000000      d=   3.0000000000000000     
   1.9855046446953277        1.6247358322143555E-002   8.9374057948589325E-002
   104.56929802894592        10.949314981698990        263.83282899856567     
   0.0000000000000000        0.0000000000000000        0.0000000000000000     
          37 m=   7.7869345143475217E-007 r=   1.0000000000000000      d=   3.0000000000000000     
   2.1082962002911647        1.7358804941177367E-002  0.18658396601676941     
   28.096871674060822        47.925501465797424        199.65728759765625     
   0.0000000000000000        0.0000000000000000        0.0000000000000000     
          38 m=   5.0429094013125045E-007 r=   1.0000000000000000      d=   3.0000000000000000     
   2.2467293041650565        1.3876935243606567E-002   9.0171091258525848E-002
   22.407821863889694        184.88140583038330        215.68571805953979     
   0.0000000000000000        0.0000000000000000        0.0000000000000000     
          39 m=   9.4924990667540960E-007 r=   1.0000000000000000      d=   3.0000000000000000     
   2.3368779960690076        5.0626885890960698E-003  0.19433869421482086     
   176.48673534393311        47.329841852188110        328.23350429534912     
   0.0000000000000000        0.0000000000000000        0.0000000000000000     
          40 m=   7.1923034321883116E-007 r=   1.0000000000000000      d=   3.0000000000000000     
   2.5071820043732318        6.2596821784973149E-003  0.44536605477333069     
   315.18588781356812        168.00922751426697        299.59918498992920     
   0.0000000000000000        0.0000000000000000        0.0000000000000000     
          41 m=   1.1596861949920956E-006 r=   1.0000000000000000      d=   3.0000000000000000     
   2.6371004427107350        8.3247011899948119E-003  0.44496092200279236     
   265.37331819534302        259.88590478897095        78.995862007141113     
   0.0000000000000000        0.0000000000000000        0.0000000000000000     
          42 m=   2.3925633646248171E-006 r=   1.0000000000000000      d=   1.5000000000000000     
   2.7000000000000002        1.4387737512588501E-002  0.21039438247680664     
   161.79612636566162        25.920779407024384        21.387816667556763     
   0.0000000000000000        0.0000000000000000        0.0000000000000000     
          43 m=   2.5048647651537364E-006 r=   1.0000000000000000      d=   1.5000000000000000     
   2.9177638743508614        3.9594944566488264E-004   4.8566389828920364E-002
   346.21014118194580        194.84564065933228        200.48379421234131     
   0.0000000000000000        0.0000000000000000        0.0000000000000000     
          44 m=   4.2263629678222715E-006 r=   1.0000000000000000      d=   1.5000000000000000     
   3.1477436341056992        1.9845571517944336E-002  0.18351912498474121     
   281.55602931976318        108.12481284141541        144.84851360321045     
   0.0000000000000000        0.0000000000000000        0.0000000000000000     
          45 m=   4.0705146948819514E-006 r=   1.0000000000000000      d=   1.5000000000000000     
   3.5393658154772840        7.7558791637420653E-003  0.18404270708560944     
   192.49066114425659        47.890428900718689        93.253294229507446     
   0.0000000000000000        0.0000000000000000        0.0000000000000000     
          46 m=   3.8257131838980613E-006 r=   1.0000000000000000      d=   1.5000000000000000     
   3.9225018419522124        3.0559450387954712E-003   8.5580587387084961E-002
   137.61176347732544        20.389474332332611        39.875645041465759     
   0.0000000000000000        0.0000000000000000        0.0000000000000000     
          47 m=   3.1486299513150718E-006 r=   1.0000000000000000      d=   1.5000000000000000     
   4.2881571026200103        1.3736993074417114E-002  0.27108383178710938     
   176.15764975547791        59.595009684562683        234.79310989379883     
   0.0000000000000000        0.0000000000000000        0.0000000000000000     
          48 m=   8.0274545164769011E-006 r=   1.0000000000000000      d=   1.5000000000000000     
   4.5935318517728136        8.4164029359817503E-003  0.35709345340728760     
   38.004423379898071        274.53449964523315        61.734479069709778     
   0.0000000000000000        0.0000000000000000        0.0000000000000000     
