)O+_06 Big-body initial data  (WARNING: Do not delete  this line!!)
) Lines beginning with `)` are ignored.
)--------------------------------------------------
style (Cartesian, Asteroidal, Cometary) = Asteroidal
epoch (in days) = 0.
)--------------------------------------------------
           1 m=   6.7922017477044575E-008 r=   1.0000000000000000      d=   3.0000000000000000     
  0.50000000000000000        1.9244204759597778E-002  0.36820015311241150     
   214.63611602783203        292.63245820999146        136.06441855430603     
   0.0000000000000000        0.0000000000000000        0.0000000000000000     
           2 m=   7.1331724777297265E-008 r=   1.0000000000000000      d=   3.0000000000000000     
  0.51132257079205912        1.4624929428100586E-002  0.34266179800033569     
   124.32350993156433        327.32026576995850        252.41269111633301     
   0.0000000000000000        0.0000000000000000        0.0000000000000000     
           3 m=   8.5373320112920850E-008 r=   1.0000000000000000      d=   3.0000000000000000     
  0.52321892498167577        6.0569399595260618E-003   1.9968977198004723E-002
   183.43073844909668        92.305777072906494        243.64324092864990     
   0.0000000000000000        0.0000000000000000        0.0000000000000000     
           4 m=   1.4064239165346245E-007 r=   1.0000000000000000      d=   3.0000000000000000     
  0.53746384426479887        1.0629285573959351E-002  0.46984013915061951     
   128.40755939483643        53.889859914779663        59.262088537216187     
   0.0000000000000000        0.0000000000000000        0.0000000000000000     
           5 m=   1.1989644793341939E-007 r=   1.0000000000000000      d=   3.0000000000000000     
  0.56094402979459101        1.1546543836593629E-002  0.32507279515266418     
   319.15452718734741        46.265761256217957        351.78780555725098     
   0.0000000000000000        0.0000000000000000        0.0000000000000000     
           6 m=   1.6352673373832084E-007 r=   1.0000000000000000      d=   3.0000000000000000     
  0.58097949775617930        1.0036885738372803E-002  0.43835541605949402     
   313.41112375259399        49.687256813049316        329.32331800460815     
   0.0000000000000000        0.0000000000000000        0.0000000000000000     
           7 m=   1.3320505860411735E-007 r=   1.0000000000000000      d=   3.0000000000000000     
  0.60832777587057696        1.6051319837570192E-002  0.11351021379232407     
   79.854147434234619        278.72962474822998        82.293267846107483     
   0.0000000000000000        0.0000000000000000        0.0000000000000000     
           8 m=   8.6674151158334788E-008 r=   1.0000000000000000      d=   3.0000000000000000     
  0.63062942771367181        1.2547489404678345E-002  0.34936532378196716     
   180.57725429534912        52.632992863655090        205.07249593734741     
   0.0000000000000000        0.0000000000000000        0.0000000000000000     
           9 m=   1.3827210996020738E-007 r=   1.0000000000000000      d=   3.0000000000000000     
  0.64515366482237801        1.9154863357543947E-002   2.7175797149538994E-003
   96.128150224685669        17.367888092994690        310.14052391052246     
   0.0000000000000000        0.0000000000000000        0.0000000000000000     
          10 m=   1.4470914356687960E-007 r=   1.0000000000000000      d=   3.0000000000000000     
  0.66833778583123860        5.7354694604873661E-003  0.36462703347206116     
   172.90449500083923        9.5226500183343887        213.72090339660645     
   0.0000000000000000        0.0000000000000000        0.0000000000000000     
          11 m=   1.6495893808109486E-007 r=   1.0000000000000000      d=   3.0000000000000000     
  0.69262371743559403        1.7290666103363037E-002  0.47731900215148926     
   350.93145132064819        135.62953591346741        271.90810203552246     
   0.0000000000000000        0.0000000000000000        0.0000000000000000     
          12 m=   1.1998099417863332E-007 r=   1.0000000000000000      d=   3.0000000000000000     
  0.72033499423411351        1.3367254734039307E-002  0.30680358409881592     
   357.11111068725586        25.985640585422516        359.99311208724976     
   0.0000000000000000        0.0000000000000000        0.0000000000000000     
          13 m=   1.4910098346812663E-007 r=   1.0000000000000000      d=   3.0000000000000000     
  0.74051282775928917        1.3632907867431640E-002  0.46705245971679688     
   13.060049861669540        311.57597780227661        240.77593803405762     
   0.0000000000000000        0.0000000000000000        0.0000000000000000     
          14 m=   1.1259650293165995E-007 r=   1.0000000000000000      d=   3.0000000000000000     
  0.76560816933614684        1.9343935251235962E-002   8.7169170379638672E-002
   259.97267961502075        202.03786611557007        264.85007286071777     
   0.0000000000000000        0.0000000000000000        0.0000000000000000     
          15 m=   1.7901854606444078E-007 r=   1.0000000000000000      d=   3.0000000000000000     
  0.78457843689243678        1.7436213493347168E-002  0.40781751275062561     
   15.328541547060013        150.01610040664673        238.72636556625366     
   0.0000000000000000        0.0000000000000000        0.0000000000000000     
          16 m=   2.1116095946375819E-007 r=   1.0000000000000000      d=   3.0000000000000000     
  0.81476239065244616        1.6324841976165773E-002  0.28374660015106201     
   163.88321757316589        4.7284424677491188        125.68569660186768     
   0.0000000000000000        0.0000000000000000        0.0000000000000000     
          17 m=   1.1719512540172958E-007 r=   1.0000000000000000      d=   3.0000000000000000     
  0.85040882354799008        1.0677698850631714E-002  0.11812266707420349     
   170.33406972885132        193.12713861465454        216.93948984146118     
   0.0000000000000000        0.0000000000000000        0.0000000000000000     
          18 m=   2.8467583029159008E-007 r=   1.0000000000000000      d=   3.0000000000000000     
  0.87022095680066569        1.1112370491027833E-002  0.44137033820152283     
   101.26872181892395        12.644235044717789        300.60694456100464     
   0.0000000000000000        0.0000000000000000        0.0000000000000000     
          19 m=   1.1852745596696242E-007 r=   1.0000000000000000      d=   3.0000000000000000     
  0.91838428169253772        1.2567714452743531E-002   3.5573404282331467E-002
   76.116816401481628        245.89846372604370        98.253843784332275     
   0.0000000000000000        0.0000000000000000        0.0000000000000000     
          20 m=   1.2732858456494825E-007 r=   1.0000000000000000      d=   3.0000000000000000     
  0.93847620491145267        8.7998545169830321E-003  0.20874181389808655     
   135.75147986412048       0.80457863397896290        87.337188720703125     
   0.0000000000000000        0.0000000000000000        0.0000000000000000     
          21 m=   1.5002973529949573E-007 r=   1.0000000000000000      d=   3.0000000000000000     
  0.96007738564794687        2.5421610474586488E-003   3.9640095084905624E-002
   305.40844202041626        64.038426876068115        251.46928310394287     
   0.0000000000000000        0.0000000000000000        0.0000000000000000     
          22 m=   1.4556270359388452E-007 r=   1.0000000000000000      d=   3.0000000000000000     
  0.98555179793560088        7.8563833236694330E-003  0.27333787083625793     
   41.699359416961670        346.11757278442383        42.018316984176636     
   0.0000000000000000        0.0000000000000000        0.0000000000000000     
          23 m=   3.5466931674425931E-007 r=   1.0000000000000000      d=   3.0000000000000000     
   1.0102929249855968        8.4501081705093389E-003  0.13048262894153595     
   122.05669999122620        114.26043033599854        94.427640438079834     
   0.0000000000000000        0.0000000000000000        0.0000000000000000     
          24 m=   1.4639529838082671E-007 r=   1.0000000000000000      d=   3.0000000000000000     
   1.0706353531144288        1.0213963985443116E-002  0.26214981079101562     
   52.111866474151611        353.83950233459473        221.37760162353516     
   0.0000000000000000        0.0000000000000000        0.0000000000000000     
          25 m=   3.1122463377996972E-007 r=   1.0000000000000000      d=   3.0000000000000000     
   1.0956028237674380        1.8132202625274658E-002  0.28270012140274048     
   115.47912955284119        94.746619462966919        74.117036461830139     
   0.0000000000000000        0.0000000000000000        0.0000000000000000     
          26 m=   1.6856562230410911E-007 r=   1.0000000000000000      d=   3.0000000000000000     
   1.1487346951731869        1.5871920585632325E-002  0.43590992689132690     
   288.09667110443115        109.49915528297424        39.776215553283691     
   0.0000000000000000        0.0000000000000000        0.0000000000000000     
          27 m=   2.5015365853283913E-007 r=   1.0000000000000000      d=   3.0000000000000000     
   1.1775732273329422        6.7574751377105710E-003   8.9557683095335960E-003
   94.503504037857056        210.04998922348022        48.258658647537231     
   0.0000000000000000        0.0000000000000000        0.0000000000000000     
          28 m=   4.5871132376051064E-007 r=   1.0000000000000000      d=   3.0000000000000000     
   1.2204193946022301        2.6008781790733339E-003  0.13082334399223328     
   69.818013310432434        70.515355467796326        163.31354856491089     
   0.0000000000000000        0.0000000000000000        0.0000000000000000     
          29 m=   3.3878332450883419E-007 r=   1.0000000000000000      d=   3.0000000000000000     
   1.2991219611905505        9.3005901575088507E-003  0.18361483514308929     
   133.10124278068542        168.92475128173828        264.23779964447021     
   0.0000000000000000        0.0000000000000000        0.0000000000000000     
          30 m=   5.0766535041539789E-007 r=   1.0000000000000000      d=   3.0000000000000000     
   1.3574313733691534        1.8177027702331542E-002  0.13551175594329834     
   203.84269237518311        127.52324581146240        142.53338098526001     
   0.0000000000000000        0.0000000000000000        0.0000000000000000     
          31 m=   3.7233269510838018E-007 r=   1.0000000000000000      d=   3.0000000000000000     
   1.4450118085126806        1.2969199419021606E-002   1.4045823365449905E-002
   203.65944385528564        50.860744714736938        183.64563703536987     
   0.0000000000000000        0.0000000000000000        0.0000000000000000     
          32 m=   3.2566541711543553E-007 r=   1.0000000000000000      d=   3.0000000000000000     
   1.5094706028451701        1.3501701354980468E-002   4.7032982110977173E-002
   173.54309678077698        7.0086020976305008        146.95910096168518     
   0.0000000000000000        0.0000000000000000        0.0000000000000000     
          33 m=   5.7571885441000762E-007 r=   1.0000000000000000      d=   3.0000000000000000     
   1.5659958422793820        1.6533213853836059E-002   1.5588254667818546E-002
   287.94316291809082        53.675127625465393        218.42573404312134     
   0.0000000000000000        0.0000000000000000        0.0000000000000000     
          34 m=   3.0946461128224823E-007 r=   1.0000000000000000      d=   3.0000000000000000     
   1.6661486581973408        4.0436524152755735E-003   4.8951718956232071E-002
   236.14919185638428        260.13657331466675        326.54772520065308     
   0.0000000000000000        0.0000000000000000        0.0000000000000000     
          35 m=   7.4575795842999001E-007 r=   1.0000000000000000      d=   3.0000000000000000     
   1.7201996337940335        1.5556899309158325E-002   7.3092967271804810E-002
   229.83915567398071        181.66078090667725        224.62865352630615     
   0.0000000000000000        0.0000000000000000        0.0000000000000000     
          36 m=   8.2805046013395226E-007 r=   1.0000000000000000      d=   3.0000000000000000     
   1.8507353639881094        2.8134652972221373E-003  0.49243214726448059     
   264.63895082473755        130.41431307792664        355.11734962463379     
   0.0000000000000000        0.0000000000000000        0.0000000000000000     
          37 m=   4.5847885100660974E-007 r=   1.0000000000000000      d=   3.0000000000000000     
   1.9964341546180377        1.6625216603279114E-003   3.7213247269392014E-002
   205.61082601547241        202.93451786041260        276.32707357406616     
   0.0000000000000000        0.0000000000000000        0.0000000000000000     
          38 m=   4.5808190403917046E-007 r=   1.0000000000000000      d=   3.0000000000000000     
   2.0775768627942903        1.1230379343032837E-002  0.11429668217897415     
   342.47169971466064        281.33404970169067        2.1130397357046604     
   0.0000000000000000        0.0000000000000000        0.0000000000000000     
          39 m=   8.9537826298193010E-007 r=   1.0000000000000000      d=   3.0000000000000000     
   2.1589128833658404        8.4960842132568368E-003   8.2990154623985291E-002
   65.771884918212891        3.9644293114542961        73.324609994888306     
   0.0000000000000000        0.0000000000000000        0.0000000000000000     
          40 m=   1.0189622387636188E-006 r=   1.0000000000000000      d=   3.0000000000000000     
   2.3184123675080128        1.2088980674743652E-002   5.3659778088331223E-002
   200.80314874649048        70.954588651657104        67.195242047309875     
   0.0000000000000000        0.0000000000000000        0.0000000000000000     
          41 m=   1.0929174043405485E-006 r=   1.0000000000000000      d=   3.0000000000000000     
   2.5010884189672171        8.3860242366790780E-003  0.14522205293178558     
   1.0699434019625187        65.160840153694153        224.63094949722290     
   0.0000000000000000        0.0000000000000000        0.0000000000000000     
          42 m=   1.2744195806552686E-006 r=   1.0000000000000000      d=   3.0000000000000000     
   2.6984598435772020        1.3554383516311646E-002  0.39422205090522766     
   157.64373421669006        268.65252256393433        165.98731398582458     
   0.0000000000000000        0.0000000000000000        0.0000000000000000     
          43 m=   2.8498237829223053E-006 r=   1.0000000000000000      d=   1.5000000000000000     
   2.7000000000000002        1.4790503978729249E-002  0.33828642964363098     
   355.45713186264038        310.60257196426392        128.71795535087585     
   0.0000000000000000        0.0000000000000000        0.0000000000000000     
          44 m=   3.6942597120649262E-006 r=   1.0000000000000000      d=   1.5000000000000000     
   2.9593823333425924        5.3431612253189084E-003  0.25869899988174438     
   325.17409086227417        318.53311300277710        328.12291145324707     
   0.0000000000000000        0.0000000000000000        0.0000000000000000     
          45 m=   3.9773535792038805E-006 r=   1.0000000000000000      d=   1.5000000000000000     
   3.2991294210067030        1.2845239639282227E-002  0.18570534884929657     
   14.593093246221542        336.71715974807739        110.22686004638672     
   0.0000000000000000        0.0000000000000000        0.0000000000000000     
          46 m=   4.5614465125387132E-006 r=   1.0000000000000000      d=   1.5000000000000000     
   3.6699164481766675        1.8560326099395754E-002  0.25674170255661011     
   89.755709767341614        309.97564315795898        9.7442635148763657     
   0.0000000000000000        0.0000000000000000        0.0000000000000000     
          47 m=   2.5928353452074432E-006 r=   1.0000000000000000      d=   1.5000000000000000     
   4.1015092048355459        1.2109758704900741E-003  0.43722024559974670     
   304.95577096939087        120.33044099807739       0.79597360454499722     
   0.0000000000000000        0.0000000000000000        0.0000000000000000     
          48 m=   2.8422731559182633E-006 r=   1.0000000000000000      d=   1.5000000000000000     
   4.3511088899426982        1.5979919433593750E-002   7.1280300617218018E-002
   265.48305273056030        131.53910279273987        308.77781152725220     
   0.0000000000000000        0.0000000000000000        0.0000000000000000     
          49 m=   3.2309953474823296E-006 r=   1.0000000000000000      d=   1.5000000000000000     
   4.6274661630862717        1.2101045846939088E-002  0.14515748620033264     
   103.71308326721191        255.23285150527954        214.78078365325928     
   0.0000000000000000        0.0000000000000000        0.0000000000000000     
          50 m=   4.2269485448091842E-006 r=   1.0000000000000000      d=   1.5000000000000000     
   4.9451113181945647        1.7206966876983643E-002  0.16908396780490875     
   179.13121104240417        262.41739511489868        161.53566241264343     
   0.0000000000000000        0.0000000000000000        0.0000000000000000     
