)O+_06 Big-body initial data  (WARNING: Do not delete  this line!!)
) Lines beginning with `)` are ignored.
)--------------------------------------------------
style (Cartesian, Asteroidal, Cometary) = Asteroidal
epoch (in days) = 0.
)--------------------------------------------------
           1 m=   6.1234765318216461E-008 r=   1.0000000000000000      d=   3.0000000000000000     
  0.50000000000000000        7.5402086973190311E-003  0.26474964618682861     
   77.768354415893555        133.01761150360107        168.37800979614258     
   0.0000000000000000        0.0000000000000000        0.0000000000000000     
           2 m=   5.2447650864495380E-008 r=   1.0000000000000000      d=   3.0000000000000000     
  0.51020780876370397        9.3750435113906863E-003  0.34497636556625366     
   195.15392303466797        257.64469385147095        68.653602004051208     
   0.0000000000000000        0.0000000000000000        0.0000000000000000     
           3 m=   6.2283599125976370E-008 r=   1.0000000000000000      d=   3.0000000000000000     
  0.51895437997120875        1.6478720903396606E-002  0.48972460627555847     
   148.97988796234131        328.00311326980591        46.770359873771667     
   0.0000000000000000        0.0000000000000000        0.0000000000000000     
           4 m=   8.3361923580006182E-008 r=   1.0000000000000000      d=   3.0000000000000000     
  0.52934490372658372        6.7493599653244019E-003   2.8102260082960129E-002
   310.77028512954712        259.61470127105713        326.39932394027710     
   0.0000000000000000        0.0000000000000000        0.0000000000000000     
           5 m=   1.1846813162621903E-007 r=   1.0000000000000000      d=   3.0000000000000000     
  0.54325762126883514        1.5820366144180299E-002  0.12507095932960510     
   351.75407409667969        69.394862651824951        74.335674047470093     
   0.0000000000000000        0.0000000000000000        0.0000000000000000     
           6 m=   8.4149881468491264E-008 r=   1.0000000000000000      d=   3.0000000000000000     
  0.56304040797487986        1.5900377035140991E-002  0.39948076009750366     
   57.040436267852783        284.44833040237427        17.666894048452377     
   0.0000000000000000        0.0000000000000000        0.0000000000000000     
           7 m=   7.5641318278976559E-008 r=   1.0000000000000000      d=   3.0000000000000000     
  0.57710357387662492        1.4477754831314088E-002  0.40853628516197205     
   50.314298272132874        171.42338991165161        19.432074576616287     
   0.0000000000000000        0.0000000000000000        0.0000000000000000     
           8 m=   1.0710334251267259E-007 r=   1.0000000000000000      d=   3.0000000000000000     
  0.58975189790347882        1.7887259721755980E-002  0.18638557195663452     
   353.96760463714600        343.92882585525513        122.40345597267151     
   0.0000000000000000        0.0000000000000000        0.0000000000000000     
           9 m=   1.6540868853080514E-007 r=   1.0000000000000000      d=   3.0000000000000000     
  0.60767019124955479        1.0396695137023926E-002  0.48598825931549072     
   26.110046803951263        92.525042295455933        344.34637069702148     
   0.0000000000000000        0.0000000000000000        0.0000000000000000     
          10 m=   1.2728791179767156E-007 r=   1.0000000000000000      d=   3.0000000000000000     
  0.63536275783189522        1.0109120607376098E-002   5.7453632354736328E-002
   257.53901481628418        276.18429422378540        8.8885476440191269     
   0.0000000000000000        0.0000000000000000        0.0000000000000000     
          11 m=   1.6764553779772049E-007 r=   1.0000000000000000      d=   3.0000000000000000     
  0.65669679862800212        1.7763292789459231E-002  0.26967206597328186     
   162.77179598808289        2.1420795019366778E-003   197.86971330642700     
   0.0000000000000000        0.0000000000000000        0.0000000000000000     
          12 m=   1.5101002598502479E-007 r=   1.0000000000000000      d=   3.0000000000000000     
  0.68481895171423945        1.7161692380905150E-002  0.36873659491539001     
   99.483078718185425        312.88079738616943        224.56048250198364     
   0.0000000000000000        0.0000000000000000        0.0000000000000000     
          13 m=   1.4965601562309295E-007 r=   1.0000000000000000      d=   3.0000000000000000     
  0.71017904716534708        1.3001525402069091E-002  0.45840352773666382     
   346.37156724929810        5.6325450539588928        132.57169961929321     
   0.0000000000000000        0.0000000000000000        0.0000000000000000     
          14 m=   2.3041212837173857E-007 r=   1.0000000000000000      d=   3.0000000000000000     
  0.73533726250329301        1.8802809715270995E-002  0.49154803156852722     
   354.50816631317139        332.15633153915405        164.00609493255615     
   0.0000000000000000        0.0000000000000000        0.0000000000000000     
          15 m=   1.2582668152248241E-007 r=   1.0000000000000000      d=   3.0000000000000000     
  0.77411013974073373        1.8556092977523805E-002  0.14270982146263123     
   106.16769075393677        137.88548827171326        301.77885532379150     
   0.0000000000000000        0.0000000000000000        0.0000000000000000     
          16 m=   2.0058759319840228E-007 r=   1.0000000000000000      d=   3.0000000000000000     
  0.79531663946839792        3.3409976959228515E-003  0.35792431235313416     
   13.200387060642242        198.84507179260254        39.070188403129578     
   0.0000000000000000        0.0000000000000000        0.0000000000000000     
          17 m=   1.4710688094785902E-007 r=   1.0000000000000000      d=   3.0000000000000000     
  0.82915183654170255        9.3284171819686887E-003  0.29431831836700439     
   243.49840164184570        213.79117727279663        193.88028144836426     
   0.0000000000000000        0.0000000000000000        0.0000000000000000     
          18 m=   1.0813699549202907E-007 r=   1.0000000000000000      d=   3.0000000000000000     
  0.85399949151451671        1.3538905419409276E-004  0.42941153049468994     
   184.19501781463623        75.438421368598938        140.40614247322083     
   0.0000000000000000        0.0000000000000000        0.0000000000000000     
          19 m=   1.8925409313136338E-007 r=   1.0000000000000000      d=   3.0000000000000000     
  0.87228295073174866        1.5391268730163575E-002  0.40319633483886719     
   311.22926473617554        199.68001127243042        104.53483700752258     
   0.0000000000000000        0.0000000000000000        0.0000000000000000     
          20 m=   1.9866464910362427E-007 r=   1.0000000000000000      d=   3.0000000000000000     
  0.90430484106234577        9.8081696033477783E-003  0.18191248178482056     
   169.34484958648682        310.93370676040649        203.22674989700317     
   0.0000000000000000        0.0000000000000000        0.0000000000000000     
          21 m=   1.3774104444518060E-007 r=   1.0000000000000000      d=   3.0000000000000000     
  0.93796208547075222        1.0799641907215118E-003   1.4748424291610718E-002
   254.44303750991821        50.137138366699219        88.744865655899048     
   0.0000000000000000        0.0000000000000000        0.0000000000000000     
          22 m=   1.3187300452732904E-007 r=   1.0000000000000000      d=   3.0000000000000000     
  0.96132925018779547        7.8746449947357175E-003  0.22134578227996826     
   201.96737766265869        338.09877634048462        24.570413231849670     
   0.0000000000000000        0.0000000000000000        0.0000000000000000     
          23 m=   2.2795215307693839E-007 r=   1.0000000000000000      d=   3.0000000000000000     
  0.98372184792423090        9.0366429090499873E-003  0.43551731109619141     
   311.69721364974976        13.964072316884995        326.55832529067993     
   0.0000000000000000        0.0000000000000000        0.0000000000000000     
          24 m=   2.0104509259344817E-007 r=   1.0000000000000000      d=   3.0000000000000000     
   1.0224637799912184        1.1312887668609620E-002  0.44905996322631836     
   161.31083965301514        149.96747732162476        188.83511066436768     
   0.0000000000000000        0.0000000000000000        0.0000000000000000     
          25 m=   2.5104919372061090E-007 r=   1.0000000000000000      d=   3.0000000000000000     
   1.0566856761866357        1.5012632608413696E-002  0.40105488896369934     
   199.72852706909180        265.79157114028931        53.478006720542908     
   0.0000000000000000        0.0000000000000000        0.0000000000000000     
          26 m=   2.2006357590785449E-007 r=   1.0000000000000000      d=   3.0000000000000000     
   1.0994778076499006        3.0930516123771666E-003  0.42101398110389709     
   177.37547993659973        185.87993860244751        195.77630281448364     
   0.0000000000000000        0.0000000000000000        0.0000000000000000     
          27 m=   3.5603016861740233E-007 r=   1.0000000000000000      d=   3.0000000000000000     
   1.1370526034734416        1.5205316543579102E-002  0.29900133609771729     
   127.58284449577332        249.79618549346924        356.73995733261108     
   0.0000000000000000        0.0000000000000000        0.0000000000000000     
          28 m=   2.4726581024684463E-007 r=   1.0000000000000000      d=   3.0000000000000000     
   1.1979344764529329        1.0401029586791993E-002  0.10823889076709747     
   281.56293869018555        341.14190340042114        79.095532894134521     
   0.0000000000000000        0.0000000000000000        0.0000000000000000     
          29 m=   1.8318980311172157E-007 r=   1.0000000000000000      d=   3.0000000000000000     
   1.2403205220744282        1.7538864612579346E-002  0.46382129192352295     
   153.75555038452148        86.030448675155640        99.942412376403809     
   0.0000000000000000        0.0000000000000000        0.0000000000000000     
          30 m=   3.4402047314181836E-007 r=   1.0000000000000000      d=   3.0000000000000000     
   1.2717760115858918        1.1635029315948486E-002  0.49643003940582275     
   36.866836845874786        242.71142005920410        165.55066108703613     
   0.0000000000000000        0.0000000000000000        0.0000000000000000     
          31 m=   4.6553434958526246E-007 r=   1.0000000000000000      d=   3.0000000000000000     
   1.3309220796649919        1.3011658191680908E-002  0.41613659262657166     
   97.725116014480591        331.47314071655273        7.3508908599615097     
   0.0000000000000000        0.0000000000000000        0.0000000000000000     
          32 m=   4.4381979737115673E-007 r=   1.0000000000000000      d=   3.0000000000000000     
   1.4111491241764016        9.1388970613479614E-003  0.16890960931777954     
   176.22499465942383        223.44403982162476        32.023706138134003     
   0.0000000000000000        0.0000000000000000        0.0000000000000000     
          33 m=   3.6943042971739796E-007 r=   1.0000000000000000      d=   3.0000000000000000     
   1.4878798700358804        1.2676461935043334E-002  0.45666176080703735     
   167.01500773429871        322.08841323852539        197.40234375000000     
   0.0000000000000000        0.0000000000000000        0.0000000000000000     
          34 m=   4.7032555961713697E-007 r=   1.0000000000000000      d=   3.0000000000000000     
   1.5519459813010137        1.3231326341629029E-002  0.34280067682266235     
   164.58992600440979        6.4848069101572037        359.29685354232788     
   0.0000000000000000        0.0000000000000000        0.0000000000000000     
          35 m=   5.6512764688550139E-007 r=   1.0000000000000000      d=   3.0000000000000000     
   1.6337184711947323        5.4331648349761966E-003  0.21240374445915222     
   270.79326868057251        278.31379652023315        240.80286741256714     
   0.0000000000000000        0.0000000000000000        0.0000000000000000     
          36 m=   4.4225847405743250E-007 r=   1.0000000000000000      d=   3.0000000000000000     
   1.7322955010602563        5.2318519353866579E-003   3.0822433531284332E-002
   23.932109177112579        147.75571703910828        139.70154762268066     
   0.0000000000000000        0.0000000000000000        0.0000000000000000     
          37 m=   8.2923485629363451E-007 r=   1.0000000000000000      d=   3.0000000000000000     
   1.8097448544135011        1.2825701236724853E-002  0.42170375585556030     
   248.05506706237793        228.97872447967529        68.387264013290405     
   0.0000000000000000        0.0000000000000000        0.0000000000000000     
          38 m=   4.2990982825319109E-007 r=   1.0000000000000000      d=   3.0000000000000000     
   1.9554130079007415        1.9535773992538454E-002  0.39793682098388672     
   57.096376419067383        308.21849584579468        35.810703635215759     
   0.0000000000000000        0.0000000000000000        0.0000000000000000     
          39 m=   6.3566978529267285E-007 r=   1.0000000000000000      d=   3.0000000000000000     
   2.0313747567333738        6.4644390344619756E-003   9.0095378458499908E-002
   80.771323442459106        291.80384874343872        217.82116413116455     
   0.0000000000000000        0.0000000000000000        0.0000000000000000     
          40 m=   4.0638757774448042E-007 r=   1.0000000000000000      d=   3.0000000000000000     
   2.1440344957308892        6.6102397441864013E-003   4.3939068913459778E-002
   175.49613118171692        57.603641152381897        349.69046831130981     
   0.0000000000000000        0.0000000000000000        0.0000000000000000     
          41 m=   4.5958295437513100E-007 r=   1.0000000000000000      d=   3.0000000000000000     
   2.2163838561199958        2.1845164895057680E-003  0.16670221090316772     
   129.91651654243469        204.98595714569092        81.513866186141968     
   0.0000000000000000        0.0000000000000000        0.0000000000000000     
          42 m=   9.7218704008707709E-007 r=   1.0000000000000000      d=   3.0000000000000000     
   2.2984407401998479        8.2154566049575800E-003  0.32454717159271240     
   57.551445364952087        335.13047218322754        325.48376798629761     
   0.0000000000000000        0.0000000000000000        0.0000000000000000     
          43 m=   7.5616932423506907E-007 r=   1.0000000000000000      d=   3.0000000000000000     
   2.4725919157674121        7.1647059917449955E-003  0.37828496098518372     
   147.04832196235657        233.62527608871460        253.58264923095703     
   0.0000000000000000        0.0000000000000000        0.0000000000000000     
          44 m=   1.3412460285227005E-006 r=   1.0000000000000000      d=   3.0000000000000000     
   2.6089939835599107        3.8787719607353212E-003  0.45582419633865356     
   146.87743306159973        23.341894447803497        52.877583503723145     
   0.0000000000000000        0.0000000000000000        0.0000000000000000     
          45 m=   2.7024542866410468E-006 r=   1.0000000000000000      d=   1.5000000000000000     
   2.7000000000000002        8.1196077167987823E-004  0.28199583292007446     
   245.64228057861328        46.921459436416626        183.03664684295654     
   0.0000000000000000        0.0000000000000000        0.0000000000000000     
          46 m=   2.4573666288590816E-006 r=   1.0000000000000000      d=   1.5000000000000000     
   2.9459692079283051        1.5025546550750732E-002   9.1897375881671906E-002
   254.58667516708374        2.3565555748064071E-002   333.53775501251221     
   0.0000000000000000        0.0000000000000000        0.0000000000000000     
          47 m=   2.5130012109021857E-006 r=   1.0000000000000000      d=   1.5000000000000000     
   3.1718426994959765        1.7180223464965821E-002  0.29101818799972534     
   260.78598976135254        254.06158447265625        293.94403696060181     
   0.0000000000000000        0.0000000000000000        0.0000000000000000     
          48 m=   3.3572585386033506E-006 r=   1.0000000000000000      d=   1.5000000000000000     
   3.4049263607499145        1.9500286579132081E-002  0.42769703269004822     
   143.32470774650574        85.842554569244385        42.424738705158234     
   0.0000000000000000        0.0000000000000000        0.0000000000000000     
          49 m=   2.4008686448921730E-006 r=   1.0000000000000000      d=   1.5000000000000000     
   3.7192325972570304        1.8063299655914307E-002  0.33994942903518677     
   320.14550685882568        164.85685944557190        287.20737934112549     
   0.0000000000000000        0.0000000000000000        0.0000000000000000     
          50 m=   4.1109692801350861E-006 r=   1.0000000000000000      d=   1.5000000000000000     
   3.9468453911898820        1.3618235290050508E-003   6.9756926968693733E-003
   260.07211446762085        109.91842746734619        122.51561522483826     
   0.0000000000000000        0.0000000000000000        0.0000000000000000     
          51 m=   4.7376176453202163E-006 r=   1.0000000000000000      d=   1.5000000000000000     
   4.3401477405327880        1.6430028676986695E-002  0.35301384329795837     
   282.68071174621582        218.06127548217773        157.28836297988892     
   0.0000000000000000        0.0000000000000000        0.0000000000000000     
          52 m=   4.2714416465020296E-006 r=   1.0000000000000000      d=   1.5000000000000000     
   4.8005894719552318        1.6399388015270234E-003  0.11568588763475418     
   210.04144906997681        250.73367118835449        287.77519226074219     
   0.0000000000000000        0.0000000000000000        0.0000000000000000     
