)O+_06 Big-body initial data  (WARNING: Do not delete  this line!!)
) Lines beginning with `)` are ignored.
)--------------------------------------------------
style (Cartesian, Asteroidal, Cometary) = Asteroidal
epoch (in days) = 0.
)--------------------------------------------------
           1 m=   1.3123682660744010E-007 r=   1.0000000000000000      d=   3.0000000000000000     
  0.50000000000000000        6.7487621307373048E-003  0.34234687685966492     
   355.83086013793945        29.937599301338196        42.218586802482605     
   0.0000000000000000        0.0000000000000000        0.0000000000000000     
           2 m=   6.5933835448510216E-008 r=   1.0000000000000000      d=   3.0000000000000000     
  0.52187712195519109        1.1389028280973435E-003  0.40296557545661926     
   101.70116901397705        33.496804833412170        62.453681230545044     
   0.0000000000000000        0.0000000000000000        0.0000000000000000     
           3 m=   1.2118451270621484E-007 r=   1.0000000000000000      d=   3.0000000000000000     
  0.53287788605872632        1.3618272542953492E-002  0.24154241383075714     
   318.77682924270630        7.8623465448617935        309.21868085861206     
   0.0000000000000000        0.0000000000000000        0.0000000000000000     
           4 m=   1.4663954076654628E-007 r=   1.0000000000000000      d=   3.0000000000000000     
  0.55310587631325514        1.7253726720809937E-002  0.34441661834716797     
   132.66422510147095        132.43131279945374        60.363666415214539     
   0.0000000000000000        0.0000000000000000        0.0000000000000000     
           5 m=   8.8858553694079809E-008 r=   1.0000000000000000      d=   3.0000000000000000     
  0.57760260560513210        1.8471896648406982E-002  0.21343062818050385     
   185.40591716766357        83.652858138084412        206.42729043960571     
   0.0000000000000000        0.0000000000000000        0.0000000000000000     
           6 m=   1.5116811308109163E-007 r=   1.0000000000000000      d=   3.0000000000000000     
  0.59246133943185508        1.6390068531036379E-002  0.19721256196498871     
   334.03029441833496        182.43265628814697        129.00077819824219     
   0.0000000000000000        0.0000000000000000        0.0000000000000000     
           7 m=   9.0974375856856030E-008 r=   1.0000000000000000      d=   3.0000000000000000     
  0.61775437050756443        1.3533073663711548E-003  0.45600637793540955     
   63.616837263107300        168.59148144721985        315.47633886337280     
   0.0000000000000000        0.0000000000000000        0.0000000000000000     
           8 m=   8.4905877772895273E-008 r=   1.0000000000000000      d=   3.0000000000000000     
  0.63299135954733354        2.4834550917148591E-003  0.49170812964439392     
   229.13015127182007        342.17307329177856        158.08110594749451     
   0.0000000000000000        0.0000000000000000        0.0000000000000000     
           9 m=   7.4647552998302878E-008 r=   1.0000000000000000      d=   3.0000000000000000     
  0.64722062627149124        1.5709266662597657E-002   1.8278362229466438E-002
   284.21345472335815        18.167686611413956        156.30224347114563     
   0.0000000000000000        0.0000000000000000        0.0000000000000000     
          10 m=   9.9264668098446069E-008 r=   1.0000000000000000      d=   3.0000000000000000     
  0.65973783595762636        1.2925192117691039E-002  0.12209677696228027     
   339.89205837249756        235.31729936599731        200.39566755294800     
   0.0000000000000000        0.0000000000000000        0.0000000000000000     
          11 m=   7.4950199482629077E-008 r=   1.0000000000000000      d=   3.0000000000000000     
  0.67639128117471259        1.4729921817779542E-002  0.43292710185050964     
   227.41697072982788        231.18326425552368        351.80664539337158     
   0.0000000000000000        0.0000000000000000        0.0000000000000000     
          12 m=   2.0784562996207630E-007 r=   1.0000000000000000      d=   3.0000000000000000     
  0.68897391305437528        1.6394830942153930E-002  0.45372000336647034     
   99.860486984252930        258.16703796386719        184.04738903045654     
   0.0000000000000000        0.0000000000000000        0.0000000000000000     
          13 m=   1.5975036146505404E-007 r=   1.0000000000000000      d=   3.0000000000000000     
  0.72388458261360378        2.3936980962753298E-003  0.30387279391288757     
   237.34120845794678        277.55490303039551        171.59790515899658     
   0.0000000000000000        0.0000000000000000        0.0000000000000000     
          14 m=   1.0416950258274404E-007 r=   1.0000000000000000      d=   3.0000000000000000     
  0.75075445417799880        1.0989837646484375E-002  0.16265423595905304     
   170.36699652671814        74.214770793914795        194.89409208297729     
   0.0000000000000000        0.0000000000000000        0.0000000000000000     
          15 m=   2.1622560557141191E-007 r=   1.0000000000000000      d=   3.0000000000000000     
  0.76829451556163308        1.7140170335769655E-002   8.3018420264124870E-003
   102.83252477645874        244.86918210983276        70.366020798683167     
   0.0000000000000000        0.0000000000000000        0.0000000000000000     
          16 m=   2.0984786610073951E-007 r=   1.0000000000000000      d=   3.0000000000000000     
  0.80472813709931201        1.3615083694458009E-002  0.16814324259757996     
   54.185568094253540        129.74392175674438        190.82146883010864     
   0.0000000000000000        0.0000000000000000        0.0000000000000000     
          17 m=   2.7778001689324828E-007 r=   1.0000000000000000      d=   3.0000000000000000     
  0.84013868892864063        1.9874054193496703E-002  0.20978409051895142     
   178.88135790824890        227.35566616058350        263.35344314575195     
   0.0000000000000000        0.0000000000000000        0.0000000000000000     
          18 m=   1.1832595625367795E-007 r=   1.0000000000000000      d=   3.0000000000000000     
  0.88707881824444967        1.9360390901565553E-002  0.24955323338508606     
   17.085999995470047        157.82230496406555        92.231758832931519     
   0.0000000000000000        0.0000000000000000        0.0000000000000000     
          19 m=   2.6535535282498072E-007 r=   1.0000000000000000      d=   3.0000000000000000     
  0.90711148369117123        6.2257188558578489E-003  0.44398766756057739     
   130.30620932579041        79.885105490684509        257.55768299102783     
   0.0000000000000000        0.0000000000000000        0.0000000000000000     
          20 m=   1.6842436228229040E-007 r=   1.0000000000000000      d=   3.0000000000000000     
  0.95207233969297489        1.3173139095306397E-002  0.23272350430488586     
   308.49396944046021        324.85063791275024        69.603538513183594     
   0.0000000000000000        0.0000000000000000        0.0000000000000000     
          21 m=   3.1946593415141583E-007 r=   1.0000000000000000      d=   3.0000000000000000     
  0.98066092598698384        1.8813101053237916E-002  0.26276743412017822     
   106.15261673927307        277.44755029678345        107.27871537208557     
   0.0000000000000000        0.0000000000000000        0.0000000000000000     
          22 m=   2.7212884866024915E-007 r=   1.0000000000000000      d=   3.0000000000000000     
   1.0349495654074139        1.3497467041015626E-002  0.37258696556091309     
   147.92780756950378        226.56327724456787        235.76336145401001     
   0.0000000000000000        0.0000000000000000        0.0000000000000000     
          23 m=   2.3500177338611325E-007 r=   1.0000000000000000      d=   3.0000000000000000     
   1.0812944790762897        1.3277100324630737E-002  0.26406264305114746     
   352.33836650848389        19.573422968387604        327.14124441146851     
   0.0000000000000000        0.0000000000000000        0.0000000000000000     
          24 m=   3.7192385897426410E-007 r=   1.0000000000000000      d=   3.0000000000000000     
   1.1213907262434197        1.3250093460083007E-002  0.19147209823131561     
   314.04204368591309        131.28044128417969        43.570843935012817     
   0.0000000000000000        0.0000000000000000        0.0000000000000000     
          25 m=   3.8259109303342671E-007 r=   1.0000000000000000      d=   3.0000000000000000     
   1.1849506209883742        8.8411641120910642E-003  0.19052420556545258     
   172.21842885017395        350.02733230590820        206.98879480361938     
   0.0000000000000000        0.0000000000000000        0.0000000000000000     
          26 m=   3.9366262524007078E-007 r=   1.0000000000000000      d=   3.0000000000000000     
   1.2504999323721944        1.4488053321838380E-002  0.14287319779396057     
   11.376027613878250        273.88669252395630        133.43070387840271     
   0.0000000000000000        0.0000000000000000        0.0000000000000000     
          27 m=   2.4128883874492670E-007 r=   1.0000000000000000      d=   3.0000000000000000     
   1.3181232028827226        2.5238081812858581E-003  0.23372384905815125     
   40.728547275066376        334.82894897460938        323.68293285369873     
   0.0000000000000000        0.0000000000000000        0.0000000000000000     
          28 m=   5.0843884743078261E-007 r=   1.0000000000000000      d=   3.0000000000000000     
   1.3596840084163395        2.5170609354972840E-003  0.28941532969474792     
   124.76557016372681        166.39765977859497        8.1608623266220093     
   0.0000000000000000        0.0000000000000000        0.0000000000000000     
          29 m=   5.1166694933648614E-007 r=   1.0000000000000000      d=   3.0000000000000000     
   1.4474057880813505        2.6168885827064516E-003  0.46810650825500488     
   161.16276025772095        183.56448411941528        128.18871259689331     
   0.0000000000000000        0.0000000000000000        0.0000000000000000     
          30 m=   6.4674858293477956E-007 r=   1.0000000000000000      d=   3.0000000000000000     
   1.5359948201857205        5.9639459848403933E-003  0.36094212532043457     
   312.61573076248169        165.38758277893066        278.65055322647095     
   0.0000000000000000        0.0000000000000000        0.0000000000000000     
          31 m=   2.9723988046321979E-007 r=   1.0000000000000000      d=   3.0000000000000000     
   1.6483691272273668        3.9179262518882754E-003  0.17323029041290283     
   350.84596395492554        223.79783391952515        285.43772220611572     
   0.0000000000000000        0.0000000000000000        0.0000000000000000     
          32 m=   5.7945163554652749E-007 r=   1.0000000000000000      d=   3.0000000000000000     
   1.7002480273959968        1.1759792566299439E-002  0.20244090259075165     
   325.35978555679321        256.56962156295776        304.78651285171509     
   0.0000000000000000        0.0000000000000000        0.0000000000000000     
          33 m=   5.3652784045395402E-007 r=   1.0000000000000000      d=   3.0000000000000000     
   1.8015929754306002        1.5346072912216187E-002  0.45160153508186340     
   354.38592195510864        48.303832411766052        301.41409635543823     
   0.0000000000000000        0.0000000000000000        0.0000000000000000     
          34 m=   3.8152580242335206E-007 r=   1.0000000000000000      d=   3.0000000000000000     
   1.8958118073626797        1.6575673818588259E-002  0.20281039178371429     
   342.91565895080566        119.01467800140381        158.98375511169434     
   0.0000000000000000        0.0000000000000000        0.0000000000000000     
          35 m=   7.1683335659740042E-007 r=   1.0000000000000000      d=   3.0000000000000000     
   1.9630639486275536        1.3453793525695801E-002   9.4948299229145050E-002
   104.10963177680969        43.651060760021210        252.26675748825073     
   0.0000000000000000        0.0000000000000000        0.0000000000000000     
          36 m=   8.9384192874693024E-007 r=   1.0000000000000000      d=   3.0000000000000000     
   2.0897616389207068        1.6715015172958373E-002   1.5038154087960720E-002
   136.57103419303894        176.53910279273987        72.571890950202942     
   0.0000000000000000        0.0000000000000000        0.0000000000000000     
          37 m=   6.5971634212096615E-007 r=   1.0000000000000000      d=   3.0000000000000000     
   2.2485476280237067        8.5790646076202397E-003  0.47698304057121277     
   236.16255998611450        250.94949245452881        307.95366525650024     
   0.0000000000000000        0.0000000000000000        0.0000000000000000     
          38 m=   1.0612810479722512E-006 r=   1.0000000000000000      d=   3.0000000000000000     
   2.3664892492375849        1.5208544731140137E-002  0.10988376289606094     
   24.688813984394073        319.43515062332153        23.127540349960327     
   0.0000000000000000        0.0000000000000000        0.0000000000000000     
          39 m=   1.2392628968986368E-006 r=   1.0000000000000000      d=   3.0000000000000000     
   2.5571183132764741        8.4528845548629758E-003  0.38080328702926636     
   294.33617591857910        53.631649017333984        9.4401050359010696     
   0.0000000000000000        0.0000000000000000        0.0000000000000000     
          40 m=   3.5785175901634886E-006 r=   1.0000000000000000      d=   1.5000000000000000     
   2.7000000000000002        2.7238923311233522E-003   8.2923710346221924E-002
   195.02416849136353        206.43653869628906        214.59798574447632     
   0.0000000000000000        0.0000000000000000        0.0000000000000000     
          41 m=   1.8188287671972781E-006 r=   1.0000000000000000      d=   1.5000000000000000     
   3.0257058376754458        5.1309251785278320E-003   8.2072749733924866E-002
   286.16075992584229        157.87435054779053        285.04869461059570     
   0.0000000000000000        0.0000000000000000        0.0000000000000000     
          42 m=   3.5375723371421645E-006 r=   1.0000000000000000      d=   1.5000000000000000     
   3.1934209860298335        3.9027920365333557E-003   4.6807251870632172E-002
   347.64696836471558        296.34890556335449        125.46918869018555     
   0.0000000000000000        0.0000000000000000        0.0000000000000000     
          43 m=   2.8653780170597932E-006 r=   1.0000000000000000      d=   1.5000000000000000     
   3.5218180879728029        6.8754488229751587E-003   2.3368680849671364E-002
   346.80381059646606        163.83268475532532        256.21550559997559     
   0.0000000000000000        0.0000000000000000        0.0000000000000000     
          44 m=   5.3157097123290912E-006 r=   1.0000000000000000      d=   1.5000000000000000     
   3.7913317303159486        1.0138436555862426E-002   6.6012211143970490E-002
   144.86696720123291        252.67996788024902        76.807394027709961     
   0.0000000000000000        0.0000000000000000        0.0000000000000000     
          45 m=   5.8766469949655098E-006 r=   1.0000000000000000      d=   1.5000000000000000     
   4.2967396192203928        5.2490943670272829E-003  0.40509000420570374     
   2.9654506221413612        85.467731952667236        206.59287929534912     
   0.0000000000000000        0.0000000000000000        0.0000000000000000     
          46 m=   7.6520351587840489E-006 r=   1.0000000000000000      d=   1.5000000000000000     
   4.8668910234299787        9.1887846589088439E-004  0.38414591550827026     
   270.96231222152710        57.294618487358093        348.63526582717896     
   0.0000000000000000        0.0000000000000000        0.0000000000000000     
