)O+_06 Big-body initial data  (WARNING: Do not delete  this line!!)
) Lines beginning with `)` are ignored.
)--------------------------------------------------
style (Cartesian, Asteroidal, Cometary) = Asteroidal
epoch (in days) = 0.
)--------------------------------------------------
           1 m=   7.2795584931318322E-008 r=   1.0000000000000000      d=   3.0000000000000000     
  0.50000000000000000        1.2122761011123657E-002  0.37564811110496521     
   1.3572914712131023        323.28819751739502        237.48712062835693     
   0.0000000000000000        0.0000000000000000        0.0000000000000000     
           2 m=   1.0953938445106683E-007 r=   1.0000000000000000      d=   3.0000000000000000     
  0.51213499236845794        2.7920755743980406E-003  0.38927796483039856     
   352.18151092529297        206.69171333312988        228.66911172866821     
   0.0000000000000000        0.0000000000000000        0.0000000000000000     
           3 m=   1.1151442343450464E-007 r=   1.0000000000000000      d=   3.0000000000000000     
  0.53040402577805312        1.2151933908462524E-002   4.7902304679155350E-002
   273.23088169097900        166.25711202621460        34.819294810295105     
   0.0000000000000000        0.0000000000000000        0.0000000000000000     
           4 m=   8.8185659256336681E-008 r=   1.0000000000000000      d=   3.0000000000000000     
  0.54901605316033808        6.4914518594741824E-003  0.27179518342018127     
   45.767342448234558        359.19488668441772        39.962028264999390     
   0.0000000000000000        0.0000000000000000        0.0000000000000000     
           5 m=   8.6560666220087703E-008 r=   1.0000000000000000      d=   3.0000000000000000     
  0.56374541494469776        6.2247973680496218E-003  0.33558914065361023     
   87.816815972328186        168.01831483840942        225.70123672485352     
   0.0000000000000000        0.0000000000000000        0.0000000000000000     
           6 m=   1.0475035684218025E-007 r=   1.0000000000000000      d=   3.0000000000000000     
  0.57821188022709502        1.9415711164474488E-002  0.27584272623062134     
   281.43054485321045        41.313081085681915        72.354218959808350     
   0.0000000000000000        0.0000000000000000        0.0000000000000000     
           7 m=   1.0465838785256308E-007 r=   1.0000000000000000      d=   3.0000000000000000     
  0.59572843365648642        5.8541595935821533E-003  0.43465906381607056     
   62.511397004127502        73.764798045158386        180.68153858184814     
   0.0000000000000000        0.0000000000000000        0.0000000000000000     
           8 m=   1.8063794148043489E-007 r=   1.0000000000000000      d=   3.0000000000000000     
  0.61324187456395285        1.2687867879867554E-002   4.8610471189022064E-002
   339.19150829315186        46.214037537574768        90.272941589355469     
   0.0000000000000000        0.0000000000000000        0.0000000000000000     
           9 m=   1.1948081758453030E-007 r=   1.0000000000000000      d=   3.0000000000000000     
  0.64349084906447407        9.1381084918975824E-003   6.1260037124156952E-002
   34.285637140274048        218.56362104415894        15.376068949699402     
   0.0000000000000000        0.0000000000000000        0.0000000000000000     
          10 m=   1.0746056105532959E-007 r=   1.0000000000000000      d=   3.0000000000000000     
  0.66352289671468823        1.8732244968414306E-002  0.23252807557582855     
   294.14552450180054        118.10715794563293        45.374028682708740     
   0.0000000000000000        0.0000000000000000        0.0000000000000000     
          11 m=   8.5566671090026803E-008 r=   1.0000000000000000      d=   3.0000000000000000     
  0.68155408111685123        3.3282828330993652E-003   7.8882671892642975E-002
   229.47684288024902        125.55695056915283        220.94110965728760     
   0.0000000000000000        0.0000000000000000        0.0000000000000000     
          12 m=   8.3075802444610974E-008 r=   1.0000000000000000      d=   3.0000000000000000     
  0.69592197200759998        6.2056984752416618E-005  0.32159620523452759     
   259.96092081069946        103.43995928764343        212.83783435821533     
   0.0000000000000000        0.0000000000000000        0.0000000000000000     
          13 m=   1.1751118843914093E-007 r=   1.0000000000000000      d=   3.0000000000000000     
  0.70987962913681046        8.1730550527572641E-003  0.43364208936691284     
   252.06587076187134        136.04463458061218        13.437218070030212     
   0.0000000000000000        0.0000000000000000        0.0000000000000000     
          14 m=   1.7754134387224204E-007 r=   1.0000000000000000      d=   3.0000000000000000     
  0.72963383924077951        7.5722163915634159E-003   4.3937157839536667E-002
   355.44835567474365        53.949984312057495        144.71061587333679     
   0.0000000000000000        0.0000000000000000        0.0000000000000000     
          15 m=   1.9009111680272166E-007 r=   1.0000000000000000      d=   3.0000000000000000     
  0.75950300677053195        3.5048669576644900E-003  0.16301876306533813     
   260.15487670898438        83.014379739761353        325.91311454772949     
   0.0000000000000000        0.0000000000000000        0.0000000000000000     
          16 m=   1.6784970518215946E-007 r=   1.0000000000000000      d=   3.0000000000000000     
  0.79152175274795655        1.5168001651763916E-002  0.32329130172729492     
   235.55294752120972        254.09915685653687        63.969461917877197     
   0.0000000000000000        0.0000000000000000        0.0000000000000000     
          17 m=   1.7849649859492295E-007 r=   1.0000000000000000      d=   3.0000000000000000     
  0.81983041205915375        1.0477116703987122E-003  0.39502608776092529     
   345.28636693954468        111.59893870353699        266.70517444610596     
   0.0000000000000000        0.0000000000000000        0.0000000000000000     
          18 m=   2.8678533555906425E-007 r=   1.0000000000000000      d=   3.0000000000000000     
  0.84996881203148633        7.6807117462158207E-003   9.2497467994689941E-002
   119.95441675186157        210.90632200241089        218.81102800369263     
   0.0000000000000000        0.0000000000000000        0.0000000000000000     
          19 m=   1.2340090373058071E-007 r=   1.0000000000000000      d=   3.0000000000000000     
  0.89844974723762661        1.5052018165588378E-002  0.49718064069747925     
   308.70062828063965        201.79567337036133        230.29038906097412     
   0.0000000000000000        0.0000000000000000        0.0000000000000000     
          20 m=   2.7313801213146768E-007 r=   1.0000000000000000      d=   3.0000000000000000     
  0.91935110932300279        1.4921809434890748E-002  0.11296720802783966     
   281.68335914611816        311.71452999114990        105.54910898208618     
   0.0000000000000000        0.0000000000000000        0.0000000000000000     
          21 m=   2.1426049621547559E-007 r=   1.0000000000000000      d=   3.0000000000000000     
  0.96565329441707481        1.6426665782928469E-002  0.31821927428245544     
   11.980224698781967        301.82589054107666        261.83323144912720     
   0.0000000000000000        0.0000000000000000        0.0000000000000000     
          22 m=   3.0482983547707918E-007 r=   1.0000000000000000      d=   3.0000000000000000     
   1.0020419323797940        9.0570902824401861E-003  0.24200472235679626     
   125.79138636589050        11.807033121585846        162.67220020294189     
   0.0000000000000000        0.0000000000000000        0.0000000000000000     
          23 m=   1.7243686307230094E-007 r=   1.0000000000000000      d=   3.0000000000000000     
   1.0538876990281694        1.0027694702148439E-002   8.4648393094539642E-003
   101.47812724113464        43.477650582790375        293.89146566390991     
   0.0000000000000000        0.0000000000000000        0.0000000000000000     
          24 m=   3.7721809242902785E-007 r=   1.0000000000000000      d=   3.0000000000000000     
   1.0832768199659599        2.2871437668800353E-003  0.47812986373901367     
   250.83209753036499        247.59224653244019        255.88739633560181     
   0.0000000000000000        0.0000000000000000        0.0000000000000000     
          25 m=   3.0502961921494151E-007 r=   1.0000000000000000      d=   3.0000000000000000     
   1.1476432671554968        1.5578602552413941E-002  0.12830756604671478     
   192.01228380203247        339.66031551361084        319.60749864578247     
   0.0000000000000000        0.0000000000000000        0.0000000000000000     
          26 m=   1.8607044114725690E-007 r=   1.0000000000000000      d=   3.0000000000000000     
   1.1998260452157259        1.6700046062469484E-002  0.24711900949478149     
   328.78889322280884        35.779606103897095        328.69377136230469     
   0.0000000000000000        0.0000000000000000        0.0000000000000000     
          27 m=   4.5993730301107399E-007 r=   1.0000000000000000      d=   3.0000000000000000     
   1.2317244583373019        1.0070604085922242E-002   5.9061545878648758E-002
   228.24504375457764        162.98588991165161        5.3160078451037407     
   0.0000000000000000        0.0000000000000000        0.0000000000000000     
          28 m=   2.5849160973112808E-007 r=   1.0000000000000000      d=   3.0000000000000000     
   1.3106730627899095        1.2973746061325073E-002  0.36047622561454773     
   77.886822223663330        84.481295943260193        223.76253604888916     
   0.0000000000000000        0.0000000000000000        0.0000000000000000     
          29 m=   5.2454191134410227E-007 r=   1.0000000000000000      d=   3.0000000000000000     
   1.3551836938955095        8.0842727422714231E-003  0.37722453474998474     
   103.46139550209045        297.38627672195435        144.02716755867004     
   0.0000000000000000        0.0000000000000000        0.0000000000000000     
          30 m=   5.4621750930986767E-007 r=   1.0000000000000000      d=   3.0000000000000000     
   1.4456674716321234        1.9279433488845827E-002  0.43906623125076294     
   16.258506327867508        173.65408658981323        186.57525300979614     
   0.0000000000000000        0.0000000000000000        0.0000000000000000     
          31 m=   5.6635139879283351E-007 r=   1.0000000000000000      d=   3.0000000000000000     
   1.5402319457308764        1.3072446584701539E-002  0.31618434190750122     
   67.079628109931946        338.32886695861816        352.35259294509888     
   0.0000000000000000        0.0000000000000000        0.0000000000000000     
          32 m=   4.2714780431479655E-007 r=   1.0000000000000000      d=   3.0000000000000000     
   1.6386537052352912        1.8705132007598876E-002  0.40116390585899353     
   145.64436793327332        13.881437480449677        1.2579114362597466     
   0.0000000000000000        0.0000000000000000        0.0000000000000000     
          33 m=   5.7709367343600955E-007 r=   1.0000000000000000      d=   3.0000000000000000     
   1.7131771783373679        1.2168294191360474E-002  0.27344414591789246     
   161.53357028961182        335.88076114654541        92.919895648956299     
   0.0000000000000000        0.0000000000000000        0.0000000000000000     
          34 m=   3.9045973163199473E-007 r=   1.0000000000000000      d=   3.0000000000000000     
   1.8141619358346408        5.7121855020523075E-003  0.49015939235687256     
   74.041081666946411        121.29190564155579        102.26926088333130     
   0.0000000000000000        0.0000000000000000        0.0000000000000000     
          35 m=   4.1422603520270921E-007 r=   1.0000000000000000      d=   3.0000000000000000     
   1.8827644528229999        3.1677168607711793E-003  0.43109118938446045     
   281.68715715408325        139.08057332038879        305.71610212326050     
   0.0000000000000000        0.0000000000000000        0.0000000000000000     
          36 m=   8.2571013022328222E-007 r=   1.0000000000000000      d=   3.0000000000000000     
   1.9557426177029640        7.1700352430343626E-003  0.25166770815849304     
   293.42186450958252        274.35867547988892        206.86700105667114     
   0.0000000000000000        0.0000000000000000        0.0000000000000000     
          37 m=   9.5782158149654787E-007 r=   1.0000000000000000      d=   3.0000000000000000     
   2.1016411488842888        1.2243533134460449E-002   2.9731690883636475E-002
   45.307922959327698        59.763425588607788        102.48420238494873     
   0.0000000000000000        0.0000000000000000        0.0000000000000000     
          38 m=   6.2863501962169019E-007 r=   1.0000000000000000      d=   3.0000000000000000     
   2.2718736352174025        4.1360327601432803E-003  0.38802793622016907     
   64.322789311408997        248.82117033004761        92.282946109771729     
   0.0000000000000000        0.0000000000000000        0.0000000000000000     
          39 m=   8.1783312041340459E-007 r=   1.0000000000000000      d=   3.0000000000000000     
   2.3843635624806758        1.1394101381301880E-003  0.18667869269847870     
   334.28117752075195        312.11832046508789        320.26803016662598     
   0.0000000000000000        0.0000000000000000        0.0000000000000000     
          40 m=   5.4374506757381313E-007 r=   1.0000000000000000      d=   3.0000000000000000     
   2.5313691729473606        3.2242450118064882E-003  0.28090119361877441     
   162.41000890731812        100.70406317710876        267.25451231002808     
   0.0000000000000000        0.0000000000000000        0.0000000000000000     
          41 m=   6.1693400273518126E-007 r=   1.0000000000000000      d=   3.0000000000000000     
   2.6296838359256198        5.4731571674346922E-003  0.35708746314048767     
   350.47296524047852        349.33349847793579        145.98719716072083     
   0.0000000000000000        0.0000000000000000        0.0000000000000000     
          42 m=   1.6632173368681101E-006 r=   1.0000000000000000      d=   1.5000000000000000     
   2.7000000000000002        1.5370761156082154E-002   9.7366571426391602E-002
   70.849413871765137        211.31554126739502        103.47425937652588     
   0.0000000000000000        0.0000000000000000        0.0000000000000000     
          43 m=   2.4484600723416956E-006 r=   1.0000000000000000      d=   1.5000000000000000     
   2.8513810068811769        9.0144079923629768E-003  0.33939009904861450     
   276.93548440933228        280.51689863204956        126.05657100677490     
   0.0000000000000000        0.0000000000000000        0.0000000000000000     
          44 m=   1.8020028173557553E-006 r=   1.0000000000000000      d=   1.5000000000000000     
   3.0755859430516663        1.0298171043395997E-002  0.19184517860412598     
   119.57691192626953        86.382027268409729        257.08945512771606     
   0.0000000000000000        0.0000000000000000        0.0000000000000000     
          45 m=   4.8045210075035822E-006 r=   1.0000000000000000      d=   1.5000000000000000     
   3.2420814231116966        6.2224346399307254E-003  0.26882633566856384     
   79.675823450088501        229.66820240020752        76.328158378601074     
   0.0000000000000000        0.0000000000000000        0.0000000000000000     
          46 m=   4.9091035860299471E-006 r=   1.0000000000000000      d=   1.5000000000000000     
   3.6889598625268984        3.9697051048278811E-004  0.37031432986259460     
   168.04148912429810        38.329566121101379        345.00183820724487     
   0.0000000000000000        0.0000000000000000        0.0000000000000000     
          47 m=   5.4582192057398280E-006 r=   1.0000000000000000      d=   1.5000000000000000     
   4.1538010209776575        1.0695211887359619E-002   3.2547883689403534E-002
   96.027857065200806        184.55190181732178        345.00664472579956     
   0.0000000000000000        0.0000000000000000        0.0000000000000000     
          48 m=   6.0870061892589259E-006 r=   1.0000000000000000      d=   1.5000000000000000     
   4.6803375060200612        5.4849946498870851E-003  0.46665424108505249     
   252.31222629547119        98.125998973846436        306.67000293731689     
   0.0000000000000000        0.0000000000000000        0.0000000000000000     
