)O+_06 Big-body initial data  (WARNING: Do not delete  this line!!)
) Lines beginning with `)` are ignored.
)--------------------------------------------------
style (Cartesian, Asteroidal, Cometary) = Asteroidal
epoch (in days) = 0.
)--------------------------------------------------
           1 m=   7.9399002400242922E-008 r=   1.0000000000000000      d=   3.0000000000000000     
  0.50000000000000000        1.9052592515945436E-002  0.14587280154228210     
   134.64102387428284        150.60558557510376        349.74426269531250     
   0.0000000000000000        0.0000000000000000        0.0000000000000000     
           2 m=   9.5613625289152711E-008 r=   1.0000000000000000      d=   3.0000000000000000     
  0.51323577919044372        1.6590088605880737E-002  0.25560143589973450     
   31.568854451179504        84.136664271354675        156.54363155364990     
   0.0000000000000000        0.0000000000000000        0.0000000000000000     
           3 m=   1.1325628430183139E-007 r=   1.0000000000000000      d=   3.0000000000000000     
  0.52918296967410206        4.8368194699287418E-003  0.27012223005294800     
   133.82806777954102        264.91493940353394        306.43628597259521     
   0.0000000000000000        0.0000000000000000        0.0000000000000000     
           4 m=   1.2413458022576258E-007 r=   1.0000000000000000      d=   3.0000000000000000     
  0.54808479462419690        2.4074098467826844E-003  0.39082697033882141     
   163.06124925613403        213.22765588760376        116.42266631126404     
   0.0000000000000000        0.0000000000000000        0.0000000000000000     
           5 m=   6.2564160795221783E-008 r=   1.0000000000000000      d=   3.0000000000000000     
  0.56881781458906933        1.9557756185531617E-002  0.13152922689914703     
   214.35081481933594        15.049716532230377        107.01388478279114     
   0.0000000000000000        0.0000000000000000        0.0000000000000000     
           6 m=   7.3517916255747632E-008 r=   1.0000000000000000      d=   3.0000000000000000     
  0.57927598174264650        1.9083654880523684E-002  0.49550211429595947     
   35.016592741012573        155.88970899581909        303.93938541412354     
   0.0000000000000000        0.0000000000000000        0.0000000000000000     
           7 m=   1.4302020802419836E-007 r=   1.0000000000000000      d=   3.0000000000000000     
  0.59157031048069342        1.2994351387023926E-002  0.21627612411975861     
   75.581554770469666        160.90649127960205        170.42490005493164     
   0.0000000000000000        0.0000000000000000        0.0000000000000000     
           8 m=   1.4612256948524960E-007 r=   1.0000000000000000      d=   3.0000000000000000     
  0.61549920372237410        1.6375931501388549E-002   6.1392404139041901E-002
   321.31947755813599        308.45266342163086        81.298366785049438     
   0.0000000000000000        0.0000000000000000        0.0000000000000000     
           9 m=   1.5592683470400256E-007 r=   1.0000000000000000      d=   3.0000000000000000     
  0.63997056871425517        7.1741139888763430E-003  0.34411966800689697     
   257.91407346725464        121.38449549674988        203.02376031875610     
   0.0000000000000000        0.0000000000000000        0.0000000000000000     
          10 m=   1.9203579051455671E-007 r=   1.0000000000000000      d=   3.0000000000000000     
  0.66610944228623359        7.0476740598678592E-003  0.16825827956199646     
   81.310393810272217        119.41599011421204        293.41617822647095     
   0.0000000000000000        0.0000000000000000        0.0000000000000000     
          11 m=   1.9175951072637299E-007 r=   1.0000000000000000      d=   3.0000000000000000     
  0.69833513499995037        1.6046240329742431E-002   8.6588032543659210E-002
   17.912477105855942        176.99503540992737        140.01466870307922     
   0.0000000000000000        0.0000000000000000        0.0000000000000000     
          12 m=   2.3045642293005542E-007 r=   1.0000000000000000      d=   3.0000000000000000     
  0.73055597175649256        1.9177813529968262E-002  0.29167711734771729     
   312.47503280639648        186.19764089584351        156.63243412971497     
   0.0000000000000000        0.0000000000000000        0.0000000000000000     
          13 m=   2.4647148682269144E-007 r=   1.0000000000000000      d=   3.0000000000000000     
  0.76932888662154697        1.3399848341941834E-003   9.3614077195525169E-003
   147.20568180084229        219.94667530059814        245.47227144241333     
   0.0000000000000000        0.0000000000000000        0.0000000000000000     
          14 m=   1.8005117350235718E-007 r=   1.0000000000000000      d=   3.0000000000000000     
  0.81086060250928060        3.5939189791679383E-003  0.38740983605384827     
  0.18421111861243844        321.16897344589233        204.90343093872070     
   0.0000000000000000        0.0000000000000000        0.0000000000000000     
          15 m=   1.7294463071517750E-007 r=   1.0000000000000000      d=   3.0000000000000000     
  0.84125059729338947        5.3623205423355101E-003  0.15084785223007202     
   351.80258989334106        334.13080215454102        347.18816041946411     
   0.0000000000000000        0.0000000000000000        0.0000000000000000     
          16 m=   2.9960826879247988E-007 r=   1.0000000000000000      d=   3.0000000000000000     
  0.87047661754453665        1.6615229845046996E-002  0.11528924852609634     
   218.64011764526367        266.90393686294556        254.49494361877441     
   0.0000000000000000        0.0000000000000000        0.0000000000000000     
          17 m=   1.2177763719809935E-007 r=   1.0000000000000000      d=   3.0000000000000000     
  0.92116682873960753        5.3594666719436650E-003   6.3720576465129852E-002
   45.831661820411682        122.83912181854248        16.116359978914261     
   0.0000000000000000        0.0000000000000000        0.0000000000000000     
          18 m=   1.3529305029102727E-007 r=   1.0000000000000000      d=   3.0000000000000000     
  0.94181199706028351        3.4978443384170534E-003  0.36085173487663269     
   180.21071434020996        10.711409747600555        83.829867839813232     
   0.0000000000000000        0.0000000000000000        0.0000000000000000     
          19 m=   3.2778224528629447E-007 r=   1.0000000000000000      d=   3.0000000000000000     
  0.96476740507373782        9.9109351634979245E-003  0.37831538915634155     
   169.60640788078308        11.824620366096497        236.90696954727173     
   0.0000000000000000        0.0000000000000000        0.0000000000000000     
          20 m=   2.2173841647598278E-007 r=   1.0000000000000000      d=   3.0000000000000000     
   1.0204338812227791        1.8666735887527465E-002   2.9104201123118401E-002
   62.095735073089600        33.441747128963470        124.34596538543701     
   0.0000000000000000        0.0000000000000000        0.0000000000000000     
          21 m=   2.6261362008583895E-007 r=   1.0000000000000000      d=   3.0000000000000000     
   1.0581751305034313        1.9313186407089233E-002  0.18684914708137512     
   5.0257385149598122        105.49476742744446        63.633413314819336     
   0.0000000000000000        0.0000000000000000        0.0000000000000000     
          22 m=   3.1057329679517245E-007 r=   1.0000000000000000      d=   3.0000000000000000     
   1.1029411221225593        5.6408625841140748E-003  0.12207774817943573     
   251.58880233764648        206.50067567825317        205.31805753707886     
   0.0000000000000000        0.0000000000000000        0.0000000000000000     
          23 m=   3.2395101233175422E-007 r=   1.0000000000000000      d=   3.0000000000000000     
   1.1559773636573154        1.4691361784934997E-003  0.41010829806327820     
   119.84284758567810        327.37521886825562        196.80545568466187     
   0.0000000000000000        0.0000000000000000        0.0000000000000000     
          24 m=   2.9935340593733143E-007 r=   1.0000000000000000      d=   3.0000000000000000     
   1.2114155868889205        1.7109821736812593E-003  0.44451782107353210     
   80.857851505279541        103.65576982498169        104.89482164382935     
   0.0000000000000000        0.0000000000000000        0.0000000000000000     
          25 m=   3.2342921015596727E-007 r=   1.0000000000000000      d=   3.0000000000000000     
   1.2627581121906202        5.4115855693817137E-003   4.9757897853851318E-002
   308.68616580963135        40.670734941959381        304.51412916183472     
   0.0000000000000000        0.0000000000000000        0.0000000000000000     
          26 m=   3.6757413902832699E-007 r=   1.0000000000000000      d=   3.0000000000000000     
   1.3183439522201372        1.0566967725753785E-002  0.19717401266098022     
   193.25079917907715        179.57783102989197        237.68749237060547     
   0.0000000000000000        0.0000000000000000        0.0000000000000000     
          27 m=   4.5397571334299372E-007 r=   1.0000000000000000      d=   3.0000000000000000     
   1.3816573333282616        1.6022192239761354E-002  0.45692625641822815     
   326.93503618240356        144.93141531944275        82.438455820083618     
   0.0000000000000000        0.0000000000000000        0.0000000000000000     
          28 m=   5.3712830559642532E-007 r=   1.0000000000000000      d=   3.0000000000000000     
   1.4600513728987894        1.0243250131607056E-002   2.5988042354583740E-002
   313.89630317687988        281.04967117309570        26.194016039371490     
   0.0000000000000000        0.0000000000000000        0.0000000000000000     
          29 m=   5.3470428168248156E-007 r=   1.0000000000000000      d=   3.0000000000000000     
   1.5530957874256917        6.8458372354507444E-003  0.32519897818565369     
   87.783658504486084        106.53730988502502        237.84484148025513     
   0.0000000000000000        0.0000000000000000        0.0000000000000000     
          30 m=   2.6720827619914424E-007 r=   1.0000000000000000      d=   3.0000000000000000     
   1.6460656688018802        1.0886690616607667E-002   8.8451147079467773E-002
   245.24621486663818        152.61861562728882        20.934732556343079     
   0.0000000000000000        0.0000000000000000        0.0000000000000000     
          31 m=   6.1989787060704373E-007 r=   1.0000000000000000      d=   3.0000000000000000     
   1.6926986921274747        1.3076065778732300E-002  0.10120178014039993     
   277.38841295242310        12.061824202537537        201.61015033721924     
   0.0000000000000000        0.0000000000000000        0.0000000000000000     
          32 m=   3.8918766957179602E-007 r=   1.0000000000000000      d=   3.0000000000000000     
   1.8010848722034567        6.6855990886688236E-003  0.22752425074577332     
   108.62784504890442        67.365986108779907        169.89657998085022     
   0.0000000000000000        0.0000000000000000        0.0000000000000000     
          33 m=   3.7362077858712925E-007 r=   1.0000000000000000      d=   3.0000000000000000     
   1.8694281334671998        4.7777324914932253E-003  0.15191295742988586     
   253.53383302688599        66.968327164649963        287.97034978866577     
   0.0000000000000000        0.0000000000000000        0.0000000000000000     
          34 m=   5.5395765668885128E-007 r=   1.0000000000000000      d=   3.0000000000000000     
   1.9352173768686485        1.0744976997375489E-002  0.29205891489982605     
   88.261665701866150        74.677709341049194        222.67169237136841     
   0.0000000000000000        0.0000000000000000        0.0000000000000000     
          35 m=   8.5511591988968372E-007 r=   1.0000000000000000      d=   3.0000000000000000     
   2.0330183816090406        1.1803174018859863E-002   2.0569736137986183E-002
   34.276075065135956        162.51520514488220        250.42071104049683     
   0.0000000000000000        0.0000000000000000        0.0000000000000000     
          36 m=   5.7001959881690662E-007 r=   1.0000000000000000      d=   3.0000000000000000     
   2.1845805172795170        1.0427749156951905E-002  0.49111011624336243     
   181.64867877960205        35.905205905437469        22.122072726488113     
   0.0000000000000000        0.0000000000000000        0.0000000000000000     
          37 m=   5.7787911368095916E-007 r=   1.0000000000000000      d=   3.0000000000000000     
   2.2862260781399506        1.9293045997619631E-002  0.47259917855262756     
   219.71207857131958        174.92612957954407        107.11883425712585     
   0.0000000000000000        0.0000000000000000        0.0000000000000000     
          38 m=   5.3481850481716439E-007 r=   1.0000000000000000      d=   3.0000000000000000     
   2.3896929670406375        7.7186274528503419E-003  0.10023967176675797     
   153.33333849906921        123.96888971328735        101.90385818481445     
   0.0000000000000000        0.0000000000000000        0.0000000000000000     
          39 m=   6.5199385991795938E-007 r=   1.0000000000000000      d=   3.0000000000000000     
   2.4858471588999271        3.3584421873092650E-003  0.12926240265369415     
   97.536159753799438        262.89942026138306        317.35302686691284     
   0.0000000000000000        0.0000000000000000        0.0000000000000000     
          40 m=   1.2981393117293965E-006 r=   1.0000000000000000      d=   3.0000000000000000     
   2.6035198462703657        1.4403815269470216E-002  0.23187954723834991     
   250.50652027130127        71.873459815979004        220.59924602508545     
   0.0000000000000000        0.0000000000000000        0.0000000000000000     
          41 m=   1.5714609272663029E-006 r=   1.0000000000000000      d=   1.5000000000000000     
   2.7000000000000002        1.0447483062744140E-002  0.33191490173339844     
   34.425345361232758        289.94570016860962        349.64414119720459     
   0.0000000000000000        0.0000000000000000        0.0000000000000000     
          42 m=   3.2784021002963428E-006 r=   1.0000000000000000      d=   1.5000000000000000     
   2.8430296162568593        3.4893530607223514E-003  0.38197943568229675     
   176.86352133750916        297.27682113647461        134.91659402847290     
   0.0000000000000000        0.0000000000000000        0.0000000000000000     
          43 m=   4.8433301811048135E-006 r=   1.0000000000000000      d=   1.5000000000000000     
   3.1431318889980799        1.6681776046752930E-002  0.27407816052436829     
   24.678498208522797        270.46236991882324        266.71654701232910     
   0.0000000000000000        0.0000000000000000        0.0000000000000000     
          44 m=   2.7050145619689516E-006 r=   1.0000000000000000      d=   1.5000000000000000     
   3.5918405501363782        1.9379570484161376E-002  0.29664987325668335     
   135.90370059013367        185.89540958404541        63.650547266006470     
   0.0000000000000000        0.0000000000000000        0.0000000000000000     
          45 m=   5.4088821823237317E-006 r=   1.0000000000000000      d=   1.5000000000000000     
   3.8469842510786010        1.9072992801666262E-002  0.26178756356239319     
   76.409595608711243        64.928947091102600        324.60735082626343     
   0.0000000000000000        0.0000000000000000        0.0000000000000000     
          46 m=   6.3737163551957847E-006 r=   1.0000000000000000      d=   1.5000000000000000     
   4.3623968912071174        1.2589577436447143E-002  0.28042396903038025     
   151.75260543823242        163.74570608139038        138.58574867248535     
   0.0000000000000000        0.0000000000000000        0.0000000000000000     
          47 m=   5.8541011127018356E-006 r=   1.0000000000000000      d=   1.5000000000000000     
   4.9824000620372200        6.3942544162273404E-004  0.20204366743564606     
   68.593043088912964        77.272709012031555        219.62202072143555     
   0.0000000000000000        0.0000000000000000        0.0000000000000000     
