)O+_06 Big-body initial data  (WARNING: Do not delete  this line!!)
) Lines beginning with `)` are ignored.
)--------------------------------------------------
style (Cartesian, Asteroidal, Cometary) = Asteroidal
epoch (in days) = 0.
)--------------------------------------------------
           1 m=   1.1613618605671330E-007 r=   1.0000000000000000      d=   3.0000000000000000     
  0.50000000000000000        1.0267440080642700E-002  0.32979938387870789     
   191.41996622085571        207.03939199447632        147.45522379875183     
   0.0000000000000000        0.0000000000000000        0.0000000000000000     
           2 m=   1.2030185756154719E-007 r=   1.0000000000000000      d=   3.0000000000000000     
  0.51935985173866916        1.9087661504745484E-002   5.3176943212747574E-002
   67.783423662185669        17.667038887739182        43.574615120887756     
   0.0000000000000000        0.0000000000000000        0.0000000000000000     
           3 m=   5.8727364196664934E-008 r=   1.0000000000000000      d=   3.0000000000000000     
  0.53942965502704754        1.7800543308258057E-002  0.42420804500579834     
   290.33987760543823        102.43978500366211        240.21413326263428     
   0.0000000000000000        0.0000000000000000        0.0000000000000000     
           4 m=   9.6240715290712646E-008 r=   1.0000000000000000      d=   3.0000000000000000     
  0.54923493367479070        3.5649260878562929E-003  0.36004859209060669     
   154.01099324226379        327.52140998840332        155.72091221809387     
   0.0000000000000000        0.0000000000000000        0.0000000000000000     
           5 m=   7.0442460428302465E-008 r=   1.0000000000000000      d=   3.0000000000000000     
  0.56530984582036370        5.0885528326034546E-003  0.16783320903778076     
   81.748430728912354        94.434968233108521        178.36323022842407     
   0.0000000000000000        0.0000000000000000        0.0000000000000000     
           6 m=   6.0481814288210794E-008 r=   1.0000000000000000      d=   3.0000000000000000     
  0.57708329009055237        1.1847295761108399E-002  0.47537967562675476     
   63.787613511085510        111.41164541244507        345.53203582763672     
   0.0000000000000000        0.0000000000000000        0.0000000000000000     
           7 m=   1.1509730324844150E-007 r=   1.0000000000000000      d=   3.0000000000000000     
  0.58719671726998734        2.6195794343948365E-004   7.2644263505935669E-002
   44.596032500267029        260.58821439743042        118.48887920379639     
   0.0000000000000000        0.0000000000000000        0.0000000000000000     
           8 m=   1.0323784995276226E-007 r=   1.0000000000000000      d=   3.0000000000000000     
  0.60645042512402603        1.6633111238479614E-002  0.38855403661727905     
   91.188529729843140        172.31199502944946        278.31516981124878     
   0.0000000000000000        0.0000000000000000        0.0000000000000000     
           9 m=   1.4057227929604569E-007 r=   1.0000000000000000      d=   3.0000000000000000     
  0.62373356528932422        1.2022397713735700E-005  0.38130626082420349     
   42.565144300460815        337.99054384231567        333.05403470993042     
   0.0000000000000000        0.0000000000000000        0.0000000000000000     
          10 m=   1.8212167797660460E-007 r=   1.0000000000000000      d=   3.0000000000000000     
  0.64728317025331095        9.5571738481521600E-003  0.34647843241691589     
   271.08908414840698        159.97269630432129        256.14201307296753     
   0.0000000000000000        0.0000000000000000        0.0000000000000000     
          11 m=   8.9015791508809532E-008 r=   1.0000000000000000      d=   3.0000000000000000     
  0.67782216106030380        1.8499861955642700E-002   1.2463945895433426E-002
   150.44569373130798        244.96578454971313        155.62252879142761     
   0.0000000000000000        0.0000000000000000        0.0000000000000000     
          12 m=   1.5717538836282199E-007 r=   1.0000000000000000      d=   3.0000000000000000     
  0.69276697844634760        6.7513638734817503E-003  0.24233108758926392     
   247.66254186630249        343.02786111831665        99.208377599716187     
   0.0000000000000000        0.0000000000000000        0.0000000000000000     
          13 m=   2.0558664900201641E-007 r=   1.0000000000000000      d=   3.0000000000000000     
  0.71917085630034083        1.1011316776275634E-002  0.11220059543848038     
   351.01605892181396        91.813484430313110        237.28940963745117     
   0.0000000000000000        0.0000000000000000        0.0000000000000000     
          14 m=   1.4246744087004221E-007 r=   1.0000000000000000      d=   3.0000000000000000     
  0.75374383216237562        1.2830576896667481E-002  0.30165964365005493     
   284.86072540283203        304.55861091613770        184.89651203155518     
   0.0000000000000000        0.0000000000000000        0.0000000000000000     
          15 m=   2.4350684485557636E-007 r=   1.0000000000000000      d=   3.0000000000000000     
  0.77773536921229292        8.4444922208786015E-003  0.34425741434097290     
   341.24994277954102        99.756535291671753        178.05388569831848     
   0.0000000000000000        0.0000000000000000        0.0000000000000000     
          16 m=   2.0446152992534441E-007 r=   1.0000000000000000      d=   3.0000000000000000     
  0.81878132741331466        4.9624869227409361E-003  0.32420694828033447     
   314.66671943664551        303.08358907699585        282.49383687973022     
   0.0000000000000000        0.0000000000000000        0.0000000000000000     
          17 m=   2.1801002673669832E-007 r=   1.0000000000000000      d=   3.0000000000000000     
  0.85330236753105115        1.4792977273464204E-003   8.3645051345229149E-003
   125.58139085769653        305.88641166687012        180.33673524856567     
   0.0000000000000000        0.0000000000000000        0.0000000000000000     
          18 m=   2.6347468929180627E-007 r=   1.0000000000000000      d=   3.0000000000000000     
  0.89016178153070225        9.8639285564422613E-003  0.37895920872688293     
   67.635548114776611        115.13121485710144        118.00545930862427     
   0.0000000000000000        0.0000000000000000        0.0000000000000000     
          19 m=   1.7485589499418915E-007 r=   1.0000000000000000      d=   3.0000000000000000     
  0.93477372804781178        8.8119244575500487E-003   4.9664750695228577E-002
   142.07611799240112        47.033860087394714        148.76674890518188     
   0.0000000000000000        0.0000000000000000        0.0000000000000000     
          20 m=   3.1558550629848810E-007 r=   1.0000000000000000      d=   3.0000000000000000     
  0.96443348167532361        1.1605916023254394E-002  0.37745144963264465     
   135.65942645072937        60.016250610351562        335.83597898483276     
   0.0000000000000000        0.0000000000000000        0.0000000000000000     
          21 m=   1.4295174588890930E-007 r=   1.0000000000000000      d=   3.0000000000000000     
   1.0180278988993485        1.6341162919998171E-002  0.18040248751640320     
   310.66387653350830        132.87113070487976        113.68822932243347     
   0.0000000000000000        0.0000000000000000        0.0000000000000000     
          22 m=   2.9936361547151761E-007 r=   1.0000000000000000      d=   3.0000000000000000     
   1.0423568282718587        1.8794101476669312E-002  0.33986854553222656     
   90.841945409774780        218.19090127944946        178.84546995162964     
   0.0000000000000000        0.0000000000000000        0.0000000000000000     
          23 m=   2.1701293051103813E-007 r=   1.0000000000000000      d=   3.0000000000000000     
   1.0933550679695041        1.2932448089122773E-003  0.19588199257850647     
   11.223930269479752        307.92920351028442        31.479469835758209     
   0.0000000000000000        0.0000000000000000        0.0000000000000000     
          24 m=   1.6325878548857954E-007 r=   1.0000000000000000      d=   3.0000000000000000     
   1.1303999070352448        5.2462893724441531E-003  0.40249851346015930     
   182.68620014190674        21.699875593185425        195.37349939346313     
   0.0000000000000000        0.0000000000000000        0.0000000000000000     
          25 m=   4.4825021096154664E-007 r=   1.0000000000000000      d=   3.0000000000000000     
   1.1583100587287471        1.5052515268325807E-002  0.15322574973106384     
   194.46796417236328        126.01407408714294        181.36610269546509     
   0.0000000000000000        0.0000000000000000        0.0000000000000000     
          26 m=   2.3190246652320858E-007 r=   1.0000000000000000      d=   3.0000000000000000     
   1.2350269484378302        1.0883351564407348E-002  0.33741411566734314     
   252.40782022476196        201.30789756774902        33.066535592079163     
   0.0000000000000000        0.0000000000000000        0.0000000000000000     
          27 m=   3.3562878375209710E-007 r=   1.0000000000000000      d=   3.0000000000000000     
   1.2748384502886980        2.6639443635940552E-003  0.46726492047309875     
   279.70298767089844        102.78432011604309        233.83075475692749     
   0.0000000000000000        0.0000000000000000        0.0000000000000000     
          28 m=   3.9408671762822587E-007 r=   1.0000000000000000      d=   3.0000000000000000     
   1.3325488376229715        1.1021020412445069E-002  0.38212150335311890     
   68.826196789741516        354.04744863510132        186.75590515136719     
   0.0000000000000000        0.0000000000000000        0.0000000000000000     
          29 m=   2.4218764339637711E-007 r=   1.0000000000000000      d=   3.0000000000000000     
   1.4004674993106720        1.9130311012268066E-002  0.31446069478988647     
   60.446991920471191        338.59674453735352        116.30579710006714     
   0.0000000000000000        0.0000000000000000        0.0000000000000000     
          30 m=   3.7469669326696076E-007 r=   1.0000000000000000      d=   3.0000000000000000     
   1.4423207477562530        1.2255885452032089E-003  0.48171100020408630     
   228.65694522857666        48.809267878532410        67.609578967094421     
   0.0000000000000000        0.0000000000000000        0.0000000000000000     
          31 m=   5.5905577574211421E-007 r=   1.0000000000000000      d=   3.0000000000000000     
   1.5071818188146704        8.7890648841857915E-003  0.44889912009239197     
   8.5731010884046555        284.38509464263916        64.814314842224121     
   0.0000000000000000        0.0000000000000000        0.0000000000000000     
          32 m=   5.9149927244594874E-007 r=   1.0000000000000000      d=   3.0000000000000000     
   1.6042073762117977        1.2237576246261596E-002  0.23310473561286926     
   205.19870996475220        215.15110015869141        298.73746633529663     
   0.0000000000000000        0.0000000000000000        0.0000000000000000     
          33 m=   6.2146808483306331E-007 r=   1.0000000000000000      d=   3.0000000000000000     
   1.7072627704629915        1.4066289663314819E-002  0.15074464678764343     
   41.388225853443146        237.16435432434082        54.246749281883240     
   0.0000000000000000        0.0000000000000000        0.0000000000000000     
          34 m=   8.1732457381874764E-007 r=   1.0000000000000000      d=   3.0000000000000000     
   1.8159868151664365        2.4862920865416528E-004  0.34047952294349670     
   96.046535968780518        321.82761669158936        10.663331821560860     
   0.0000000000000000        0.0000000000000000        0.0000000000000000     
          35 m=   5.1567069732276656E-007 r=   1.0000000000000000      d=   3.0000000000000000     
   1.9595985923731489        1.4070659875869751E-002  0.16981737315654755     
   240.48449993133545        160.09611010551453        135.57706117630005     
   0.0000000000000000        0.0000000000000000        0.0000000000000000     
          36 m=   4.2671199015560742E-007 r=   1.0000000000000000      d=   3.0000000000000000     
   2.0507288809764335        2.8953129053115845E-003  0.42869856953620911     
   265.52757740020752        203.83649110794067        289.90353584289551     
   0.0000000000000000        0.0000000000000000        0.0000000000000000     
          37 m=   9.8622314992113582E-007 r=   1.0000000000000000      d=   3.0000000000000000     
   2.1264136053345397        6.4903771877288822E-003  0.21826465427875519     
   23.389852344989777        98.374232053756714        91.420454978942871     
   0.0000000000000000        0.0000000000000000        0.0000000000000000     
          38 m=   7.8177785166402755E-007 r=   1.0000000000000000      d=   3.0000000000000000     
   2.3018676395088833        3.7028589844703675E-003  0.33161121606826782     
   45.023083090782166        201.79455757141113        20.416873097419739     
   0.0000000000000000        0.0000000000000000        0.0000000000000000     
          39 m=   5.5524197634418412E-007 r=   1.0000000000000000      d=   3.0000000000000000     
   2.4419293664397950        3.8704282045364381E-003  0.49383607506752014     
   30.867639183998108        81.920220851898193        145.69416046142578     
   0.0000000000000000        0.0000000000000000        0.0000000000000000     
          40 m=   1.2873515181060066E-006 r=   1.0000000000000000      d=   3.0000000000000000     
   2.5419642629559265        1.7520066499710083E-002  0.46328422427177429     
   216.42544984817505        185.77350854873657        22.296191006898880     
   0.0000000000000000        0.0000000000000000        0.0000000000000000     
          41 m=   3.8676135380272895E-006 r=   1.0000000000000000      d=   1.5000000000000000     
   2.7000000000000002        1.2108359336853027E-002  0.45745873451232910     
   209.69394207000732        226.37678861618042        339.21412467956543     
   0.0000000000000000        0.0000000000000000        0.0000000000000000     
          42 m=   2.9117725476659291E-006 r=   1.0000000000000000      d=   1.5000000000000000     
   3.0520184756589446        1.9712158441543580E-002  0.46654835343360901     
   153.53909611701965        7.9878927022218704        5.6722015142440796     
   0.0000000000000000        0.0000000000000000        0.0000000000000000     
          43 m=   4.8834623644118505E-006 r=   1.0000000000000000      d=   1.5000000000000000     
   3.3207972818639351        1.3351249694824220E-002   1.4965819194912910E-002
   158.41946125030518        249.30529832839966        193.76672744750977     
   0.0000000000000000        0.0000000000000000        0.0000000000000000     
          44 m=   6.0305556531125252E-006 r=   1.0000000000000000      d=   1.5000000000000000     
   3.7764506497781465        5.3744763135910034E-003  0.18621243536472321     
   303.71373653411865        285.20166635513306        290.29425859451294     
   0.0000000000000000        0.0000000000000000        0.0000000000000000     
          45 m=   2.9847005487792325E-006 r=   1.0000000000000000      d=   1.5000000000000000     
   4.3494835786159838        1.2100642919540406E-002  0.31745123863220215     
   70.018433332443237        343.96204233169556        275.16552686691284     
   0.0000000000000000        0.0000000000000000        0.0000000000000000     
          46 m=   3.2278569982855167E-006 r=   1.0000000000000000      d=   1.5000000000000000     
   4.6396703538468653        1.9724109172821046E-002   8.3718843758106232E-002
   74.544038772583008        156.94242238998413        186.21439933776855     
   0.0000000000000000        0.0000000000000000        0.0000000000000000     
          47 m=   7.5551280932451077E-006 r=   1.0000000000000000      d=   1.5000000000000000     
   4.9571619232981998        1.8521404266357424E-002  0.25352406501770020     
   245.82952022552490        33.996886610984802        199.88776445388794     
   0.0000000000000000        0.0000000000000000        0.0000000000000000     
