)O+_06 Big-body initial data  (WARNING: Do not delete  this line!!)
) Lines beginning with `)` are ignored.
)--------------------------------------------------
style (Cartesian, Asteroidal, Cometary) = Asteroidal
epoch (in days) = 0.
)--------------------------------------------------
           1 m=   5.5004202468816205E-008 r=   1.0000000000000000      d=   3.0000000000000000     
  0.50000000000000000        1.6695094108581544E-002  0.32737913727760315     
   351.24580621719360        292.91986227035522        173.33074092864990     
   0.0000000000000000        0.0000000000000000        0.0000000000000000     
           2 m=   1.1745788193998237E-007 r=   1.0000000000000000      d=   3.0000000000000000     
  0.50916917664473682        1.7100852727890015E-002  0.41704249382019043     
   182.90871620178223        264.37480688095093        312.72716045379639     
   0.0000000000000000        0.0000000000000000        0.0000000000000000     
           3 m=   9.1557227478430725E-008 r=   1.0000000000000000      d=   3.0000000000000000     
  0.52875653719417948        1.9895607233047486E-003  0.14777013659477234     
   110.69487333297729        345.28145313262939        197.90269374847412     
   0.0000000000000000        0.0000000000000000        0.0000000000000000     
           4 m=   1.2029340628671451E-007 r=   1.0000000000000000      d=   3.0000000000000000     
  0.54403665324507744        1.3119937181472779E-002  0.11771105229854584     
   202.42116451263428        333.82964372634888        203.12791585922241     
   0.0000000000000000        0.0000000000000000        0.0000000000000000     
           5 m=   1.0703228667463819E-007 r=   1.0000000000000000      d=   3.0000000000000000     
  0.56412486534824813        1.2525089979171754E-002  0.32910475134849548     
   172.87152528762817        251.31560325622559        4.1772401332855225     
   0.0000000000000000        0.0000000000000000        0.0000000000000000     
           6 m=   1.0058676335303910E-007 r=   1.0000000000000000      d=   3.0000000000000000     
  0.58201292499920976        4.1324692964553834E-003   2.2709840908646584E-002
   34.607786536216736        255.78332662582397        111.38756990432739     
   0.0000000000000000        0.0000000000000000        0.0000000000000000     
           7 m=   9.3676754904377349E-008 r=   1.0000000000000000      d=   3.0000000000000000     
  0.59883579200954262        3.3140179514884950E-003  0.41418150067329407     
   49.222558736801147        344.40046548843384        25.501029789447784     
   0.0000000000000000        0.0000000000000000        0.0000000000000000     
           8 m=   1.0828229808840566E-007 r=   1.0000000000000000      d=   3.0000000000000000     
  0.61451352482516541        5.2727609872817993E-003   2.4921076372265816E-002
   264.87459897994995        162.40261673927307        192.76482582092285     
   0.0000000000000000        0.0000000000000000        0.0000000000000000     
           9 m=   6.6958714819607707E-008 r=   1.0000000000000000      d=   3.0000000000000000     
  0.63264700807406071        1.1780003309249878E-002   3.2499521970748901E-002
   339.93615388870239        45.602231025695801        9.0937373042106628     
   0.0000000000000000        0.0000000000000000        0.0000000000000000     
          10 m=   1.4307605469420132E-007 r=   1.0000000000000000      d=   3.0000000000000000     
  0.64386837830424293        1.8923799991607666E-002  0.44488188624382019     
   130.60736775398254        91.184484958648682        275.30272722244263     
   0.0000000000000000        0.0000000000000000        0.0000000000000000     
          11 m=   1.6362067254482097E-007 r=   1.0000000000000000      d=   3.0000000000000000     
  0.66785674468025924        1.5862357616424560E-003  0.33230939507484436     
   177.54058599472046        15.101983398199081        25.588220357894897     
   0.0000000000000000        0.0000000000000000        0.0000000000000000     
          12 m=   2.1245510857401446E-007 r=   1.0000000000000000      d=   3.0000000000000000     
  0.69531599089733309        5.7938158512115482E-003  0.42379030585289001     
   14.833754450082779        72.769650220870972        278.51227998733521     
   0.0000000000000000        0.0000000000000000        0.0000000000000000     
          13 m=   1.7859829772398777E-007 r=   1.0000000000000000      d=   3.0000000000000000     
  0.73100994263749797        1.0699368715286255E-002  0.48015993833541870     
   132.77881979942322        216.59899950027466        40.210872888565063     
   0.0000000000000000        0.0000000000000000        0.0000000000000000     
          14 m=   2.3402491042075109E-007 r=   1.0000000000000000      d=   3.0000000000000000     
  0.76105858372838431        1.5698010101914406E-004   9.6150770783424377E-002
   39.653533995151520        111.32216691970825        331.82534694671631     
   0.0000000000000000        0.0000000000000000        0.0000000000000000     
          15 m=   2.6189681174872430E-007 r=   1.0000000000000000      d=   3.0000000000000000     
  0.80047994411956624        6.5886938571929933E-003  0.47355556488037109     
   122.68802762031555        154.88465309143066        96.551231145858765     
   0.0000000000000000        0.0000000000000000        0.0000000000000000     
          16 m=   2.3081933898832437E-007 r=   1.0000000000000000      d=   3.0000000000000000     
  0.84466593008198076        1.8989273309707642E-002  0.31692963838577271     
   244.67795133590698        264.82719898223877        29.114743173122406     
   0.0000000000000000        0.0000000000000000        0.0000000000000000     
          17 m=   2.3641589714303275E-007 r=   1.0000000000000000      d=   3.0000000000000000     
  0.88367756227091410        9.9605000019073481E-003  0.27330633997917175     
   168.87530207633972        181.26572370529175        184.63170289993286     
   0.0000000000000000        0.0000000000000000        0.0000000000000000     
          18 m=   3.1741538514790422E-007 r=   1.0000000000000000      d=   3.0000000000000000     
  0.92369749051031336        1.5710180997848509E-002  0.21833656728267670     
   180.06611108779907        331.10681533813477        115.78093171119690     
   0.0000000000000000        0.0000000000000000        0.0000000000000000     
          19 m=   2.3273374658222229E-007 r=   1.0000000000000000      d=   3.0000000000000000     
  0.97751490382938455        1.5484310388565063E-002  0.24307927489280701     
   243.16851139068604        212.05267667770386        39.905886948108673     
   0.0000000000000000        0.0000000000000000        0.0000000000000000     
          20 m=   2.0628487674430532E-007 r=   1.0000000000000000      d=   3.0000000000000000     
   1.0170596791073110        1.8349519968032836E-002   3.8933359086513519E-002
   300.94548225402832        103.87963771820068        256.38364791870117     
   0.0000000000000000        0.0000000000000000        0.0000000000000000     
          21 m=   1.4401713830867372E-007 r=   1.0000000000000000      d=   3.0000000000000000     
   1.0521659018517728        9.8921847343444828E-003   1.8863005563616753E-002
   102.49187350273132        359.28919315338135        3.0368493497371674     
   0.0000000000000000        0.0000000000000000        0.0000000000000000     
          22 m=   1.9960756428795187E-007 r=   1.0000000000000000      d=   3.0000000000000000     
   1.0767096422485973        1.7202270030975342E-002  0.28222128748893738     
   252.42389202117920        274.33271169662476        138.29090952873230     
   0.0000000000000000        0.0000000000000000        0.0000000000000000     
          23 m=   2.7605249499460820E-007 r=   1.0000000000000000      d=   3.0000000000000000     
   1.1107606473160445        1.1125081777572631E-002   4.4530168175697327E-002
   9.3525061011314392        116.62670731544495        298.40197563171387     
   0.0000000000000000        0.0000000000000000        0.0000000000000000     
          24 m=   2.0379895769379554E-007 r=   1.0000000000000000      d=   3.0000000000000000     
   1.1579165587489506        1.2761148810386657E-003   2.2491557523608208E-002
   297.36522674560547        120.26950120925903        244.09475326538086     
   0.0000000000000000        0.0000000000000000        0.0000000000000000     
          25 m=   3.2916940917061880E-007 r=   1.0000000000000000      d=   3.0000000000000000     
   1.1927956858251691        1.3261743783950806E-002  0.38810825347900391     
   332.99854516983032        346.21829509735107        48.607152700424194     
   0.0000000000000000        0.0000000000000000        0.0000000000000000     
          26 m=   4.9953740945815293E-007 r=   1.0000000000000000      d=   3.0000000000000000     
   1.2492099631563782        4.1335529088973996E-003  0.34677678346633911     
   173.54700207710266        88.030706048011780        126.63055300712585     
   0.0000000000000000        0.0000000000000000        0.0000000000000000     
          27 m=   5.1796557930973711E-007 r=   1.0000000000000000      d=   3.0000000000000000     
   1.3350159508841897        4.3002116680145265E-003  0.12825559079647064     
   66.001154780387878        250.60486078262329        192.35637903213501     
   0.0000000000000000        0.0000000000000000        0.0000000000000000     
          28 m=   2.9224116505884631E-007 r=   1.0000000000000000      d=   3.0000000000000000     
   1.4242932576794018        9.8897898197174081E-003  0.19355608522891998     
   22.047839909791946        64.659492373466492        52.826498150825500     
   0.0000000000000000        0.0000000000000000        0.0000000000000000     
          29 m=   5.4387002228868650E-007 r=   1.0000000000000000      d=   3.0000000000000000     
   1.4748445749004788        1.3381037712097168E-002  0.29741638898849487     
   156.52326822280884        149.11147713661194        220.38084983825684     
   0.0000000000000000        0.0000000000000000        0.0000000000000000     
          30 m=   2.6595108354716929E-007 r=   1.0000000000000000      d=   3.0000000000000000     
   1.5691125924001341        1.6054579019546510E-002  0.42142739892005920     
   195.57638168334961        358.80718946456909        202.73142099380493     
   0.0000000000000000        0.0000000000000000        0.0000000000000000     
          31 m=   5.0273480463837158E-007 r=   1.0000000000000000      d=   3.0000000000000000     
   1.6153835640657301        1.8061457872390746E-002  0.14105118811130524     
   67.727349400520325        74.012205004692078        227.32910156250000     
   0.0000000000000000        0.0000000000000000        0.0000000000000000     
          32 m=   7.6176035566726283E-007 r=   1.0000000000000000      d=   3.0000000000000000     
   1.7030129195212387        5.5700260400772094E-003  0.40938621759414673     
   344.98145341873169        72.103255391120911        110.03140211105347     
   0.0000000000000000        0.0000000000000000        0.0000000000000000     
          33 m=   4.0785327017961942E-007 r=   1.0000000000000000      d=   3.0000000000000000     
   1.8362580386043383        1.3994094729423523E-003  0.11640493571758270     
   164.58302736282349        98.631176948547363        57.391692996025085     
   0.0000000000000000        0.0000000000000000        0.0000000000000000     
          34 m=   3.2603264354311903E-007 r=   1.0000000000000000      d=   3.0000000000000000     
   1.9079799072281165        1.6858186721801758E-002  0.41569608449935913     
   292.80864715576172        237.81259059906006        111.34555578231812     
   0.0000000000000000        0.0000000000000000        0.0000000000000000     
          35 m=   5.2349197731659694E-007 r=   1.0000000000000000      d=   3.0000000000000000     
   1.9654781628128568        1.7975784540176391E-002  0.20519523322582245     
   253.67886543273926        93.705568313598633        81.961875557899475     
   0.0000000000000000        0.0000000000000000        0.0000000000000000     
          36 m=   5.4548001041789018E-007 r=   1.0000000000000000      d=   3.0000000000000000     
   2.0580124025265860        1.4517661333084107E-002  0.23469218611717224     
   200.82797527313232        47.146346569061279        106.84593558311462     
   0.0000000000000000        0.0000000000000000        0.0000000000000000     
          37 m=   6.8305403467595727E-007 r=   1.0000000000000000      d=   3.0000000000000000     
   2.1547908732501293        1.4434717893600464E-002  0.10031569004058838     
   214.20728445053101        172.36109018325806        210.80113649368286     
   0.0000000000000000        0.0000000000000000        0.0000000000000000     
          38 m=   8.1221423251201171E-007 r=   1.0000000000000000      d=   3.0000000000000000     
   2.2764476176334369        7.2263038158416754E-003   4.3173030018806458E-002
   214.21264886856079        268.67779970169067        328.42705249786377     
   0.0000000000000000        0.0000000000000000        0.0000000000000000     
          39 m=   1.2343058504354681E-006 r=   1.0000000000000000      d=   3.0000000000000000     
   2.4218143803158649        5.6834048032760624E-003  0.41555142402648926     
   185.07656335830688        169.61958289146423        249.13897991180420     
   0.0000000000000000        0.0000000000000000        0.0000000000000000     
          40 m=   8.9151330426673506E-007 r=   1.0000000000000000      d=   3.0000000000000000     
   2.6440136310815712        1.6884057521820067E-002  0.18634162843227386     
   304.99900817871094        78.676941990852356        221.09809398651123     
   0.0000000000000000        0.0000000000000000        0.0000000000000000     
          41 m=   3.5348173350938884E-006 r=   1.0000000000000000      d=   1.5000000000000000     
   2.7000000000000002        9.9269461631774896E-003  0.46750688552856445     
   123.12433719635010        205.11888742446899        19.125659018754959     
   0.0000000000000000        0.0000000000000000        0.0000000000000000     
          42 m=   3.9340153615502979E-006 r=   1.0000000000000000      d=   1.5000000000000000     
   3.0217283727544406        1.2853680551052093E-003  0.17778523266315460     
   287.58720159530640        242.07786083221436        303.51443767547607     
   0.0000000000000000        0.0000000000000000        0.0000000000000000     
          43 m=   3.6989171244814935E-006 r=   1.0000000000000000      d=   1.5000000000000000     
   3.3844282694921617        5.2683150768280031E-003  0.22480195760726929     
   113.59870791435242        194.31743860244751        33.385407328605652     
   0.0000000000000000        0.0000000000000000        0.0000000000000000     
          44 m=   2.8063780975100892E-006 r=   1.0000000000000000      d=   1.5000000000000000     
   3.7304367346154956        1.5801152586936951E-003  0.17617557942867279     
   232.17422246932983        235.35012960433960        77.896381616592407     
   0.0000000000000000        0.0000000000000000        0.0000000000000000     
          45 m=   4.0610903592734199E-006 r=   1.0000000000000000      d=   1.5000000000000000     
   3.9966128532896619        1.8255676031112670E-002  0.11283551156520844     
   162.80239462852478        233.36668968200684        46.725738644599915     
   0.0000000000000000        0.0000000000000000        0.0000000000000000     
          46 m=   6.7559360760364021E-006 r=   1.0000000000000000      d=   1.5000000000000000     
   4.3859174316278509        5.3314577788114552E-004   1.0726009495556355E-002
   291.08980178833008        86.078293919563293        138.81571054458618     
   0.0000000000000000        0.0000000000000000        0.0000000000000000     
