)O+_06 Big-body initial data  (WARNING: Do not delete  this line!!)
) Lines beginning with `)` are ignored.
)--------------------------------------------------
style (Cartesian, Asteroidal, Cometary) = Asteroidal
epoch (in days) = 0.
)--------------------------------------------------
           1 m=   1.1757384656476308E-007 r=   1.0000000000000000      d=   3.0000000000000000     
  0.50000000000000000        6.9808626174926759E-003  0.35823479294776917     
   16.588536053895950        196.77069425582886        113.60098242759705     
   0.0000000000000000        0.0000000000000000        0.0000000000000000     
           2 m=   5.1461341513043131E-008 r=   1.0000000000000000      d=   3.0000000000000000     
  0.51959950912050190        1.1414154767990112E-002  0.13212864100933075     
   201.97677612304688        332.32546091079712        298.05582046508789     
   0.0000000000000000        0.0000000000000000        0.0000000000000000     
           3 m=   9.2792455312652604E-008 r=   1.0000000000000000      d=   3.0000000000000000     
  0.52818482046159898        1.7360961437225344E-002  0.15719218552112579     
   313.45500469207764        20.407447814941406        59.388152360916138     
   0.0000000000000000        0.0000000000000000        0.0000000000000000     
           4 m=   6.4413920145910304E-008 r=   1.0000000000000000      d=   3.0000000000000000     
  0.54367073129821530        1.2330663204193116E-002  0.11702346056699753     
   144.99115347862244        197.71163463592529        202.33175039291382     
   0.0000000000000000        0.0000000000000000        0.0000000000000000     
           5 m=   1.5028519841613691E-007 r=   1.0000000000000000      d=   3.0000000000000000     
  0.55442727723723895        3.7870347499847413E-003  0.11896552890539169     
   145.65487146377563        155.23792147636414        178.59217286109924     
   0.0000000000000000        0.0000000000000000        0.0000000000000000     
           6 m=   7.0426069705810410E-008 r=   1.0000000000000000      d=   3.0000000000000000     
  0.57953435543287657        5.4556512832641601E-003  0.43888536095619202     
   256.59406185150146        100.02232074737549        248.52559089660645     
   0.0000000000000000        0.0000000000000000        0.0000000000000000     
           7 m=   1.3733237032886400E-007 r=   1.0000000000000000      d=   3.0000000000000000     
  0.59131175943532444        1.1772185564041138E-002  0.38281047344207764     
   165.52008390426636        243.34688901901245        345.86885690689087     
   0.0000000000000000        0.0000000000000000        0.0000000000000000     
           8 m=   6.7018803756751662E-008 r=   1.0000000000000000      d=   3.0000000000000000     
  0.61428877567423246        1.4278560876846313E-002  0.29962211847305298     
   158.35384368896484        82.566853165626526        25.686684250831604     
   0.0000000000000000        0.0000000000000000        0.0000000000000000     
           9 m=   1.1607577341143417E-007 r=   1.0000000000000000      d=   3.0000000000000000     
  0.62551197144512283        4.8918446898460390E-003  0.11807254701852798     
   317.18516349792480        66.822329163551331        23.610319197177887     
   0.0000000000000000        0.0000000000000000        0.0000000000000000     
          10 m=   1.4246375646155859E-007 r=   1.0000000000000000      d=   3.0000000000000000     
  0.64495914185461301        9.4237416982650753E-003  0.27414476871490479     
   238.50708961486816        101.18269801139832        325.79393863677979     
   0.0000000000000000        0.0000000000000000        0.0000000000000000     
          11 m=   9.1615061733197979E-008 r=   1.0000000000000000      d=   3.0000000000000000     
  0.66884589147215545        1.6226692199707033E-002   7.1758918464183807E-002
   237.81520843505859        180.65312862396240        17.766167968511581     
   0.0000000000000000        0.0000000000000000        0.0000000000000000     
          12 m=   2.0951089570481513E-007 r=   1.0000000000000000      d=   3.0000000000000000     
  0.68422157741243650        1.7310495376586913E-002  0.11718685179948807     
   237.23587274551392        167.68871426582336        243.00221443176270     
   0.0000000000000000        0.0000000000000000        0.0000000000000000     
          13 m=   1.6813405630260234E-007 r=   1.0000000000000000      d=   3.0000000000000000     
  0.71940526353410805        1.5273803472518921E-002   1.7084849998354912E-002
   93.355464935302734        200.49465179443359        61.877113580703735     
   0.0000000000000000        0.0000000000000000        0.0000000000000000     
          14 m=   1.9115868839111157E-007 r=   1.0000000000000000      d=   3.0000000000000000     
  0.74768019871103564        9.8980173468589784E-004  0.35511875152587891     
   29.681239128112793        107.83030629158020        293.55432271957397     
   0.0000000000000000        0.0000000000000000        0.0000000000000000     
          15 m=   1.3540751692217100E-007 r=   1.0000000000000000      d=   3.0000000000000000     
  0.77986354181489792        1.6264326572418213E-002   3.2674595713615417E-002
   20.385806411504745        42.247680723667145        319.83793258666992     
   0.0000000000000000        0.0000000000000000        0.0000000000000000     
          16 m=   1.5195930634785048E-007 r=   1.0000000000000000      d=   3.0000000000000000     
  0.80269002306888448        4.6735018491744999E-003   2.7369512245059013E-002
   76.853973269462585        294.08183813095093        259.79112625122070     
   0.0000000000000000        0.0000000000000000        0.0000000000000000     
          17 m=   1.0953955582133499E-007 r=   1.0000000000000000      d=   3.0000000000000000     
  0.82833014193499077        1.7046984434127808E-002  0.15853245556354523     
   275.34669399261475        201.86028242111206        104.32798504829407     
   0.0000000000000000        0.0000000000000000        0.0000000000000000     
          18 m=   2.5990529788616411E-007 r=   1.0000000000000000      d=   3.0000000000000000     
  0.84683173488078700        1.1947783231735230E-002   9.9852703511714935E-002
   249.01360273361206        187.13111400604248        139.47148919105530     
   0.0000000000000000        0.0000000000000000        0.0000000000000000     
          19 m=   1.6334493771520380E-007 r=   1.0000000000000000      d=   3.0000000000000000     
  0.89076309851763380        1.1044738292694091E-002   4.5210599899291992E-002
   109.27940726280212        198.58579874038696        280.59403896331787     
   0.0000000000000000        0.0000000000000000        0.0000000000000000     
          20 m=   3.2261207365314637E-007 r=   1.0000000000000000      d=   3.0000000000000000     
  0.91842158412786168        1.9758336544036866E-002  0.16800035536289215     
   152.38828897476196        168.15475344657898        285.70096492767334     
   0.0000000000000000        0.0000000000000000        0.0000000000000000     
          21 m=   3.2519359098613785E-007 r=   1.0000000000000000      d=   3.0000000000000000     
  0.97310854785354617        1.1363259553909303E-002  0.15047466754913330     
   156.58874630928040        320.83708763122559        207.16094970703125     
   0.0000000000000000        0.0000000000000000        0.0000000000000000     
          22 m=   2.2179189386626056E-007 r=   1.0000000000000000      d=   3.0000000000000000     
   1.0283538282993967        5.8311337232589723E-003  0.33955097198486328     
   296.14329814910889        108.18079590797424        208.31790447235107     
   0.0000000000000000        0.0000000000000000        0.0000000000000000     
          23 m=   1.6608860953855912E-007 r=   1.0000000000000000      d=   3.0000000000000000     
   1.0661161408884319        1.1969155073165894E-002  0.30910685658454895     
   325.12898683547974        179.32298898696899        143.97523999214172     
   0.0000000000000000        0.0000000000000000        0.0000000000000000     
          24 m=   3.6754335516749014E-007 r=   1.0000000000000000      d=   3.0000000000000000     
   1.0944371524580088        4.1749799251556401E-003  0.48227822780609131     
   358.68610382080078        1.6723472625017166        127.58916378021240     
   0.0000000000000000        0.0000000000000000        0.0000000000000000     
          25 m=   3.5292578359492331E-007 r=   1.0000000000000000      d=   3.0000000000000000     
   1.1571807583392850        8.3431619405746459E-003  0.10906793922185898     
   133.60551953315735        124.88058328628540        121.82721018791199     
   0.0000000000000000        0.0000000000000000        0.0000000000000000     
          26 m=   4.1564180867580130E-007 r=   1.0000000000000000      d=   3.0000000000000000     
   1.2175803850034330        1.3446618318557740E-002  0.37352558970451355     
   14.560946971178055        210.87870597839355        76.140983104705811     
   0.0000000000000000        0.0000000000000000        0.0000000000000000     
          27 m=   2.2578698680925534E-007 r=   1.0000000000000000      d=   3.0000000000000000     
   1.2888852794868197        2.0363736152648926E-003  0.46593874692916870     
   183.75030755996704        121.68177008628845        212.34735488891602     
   0.0000000000000000        0.0000000000000000        0.0000000000000000     
          28 m=   3.5097967608145050E-007 r=   1.0000000000000000      d=   3.0000000000000000     
   1.3277305111908007        1.2138867378234863E-002  0.15505816042423248     
   324.91567611694336        288.37368965148926        202.05026865005493     
   0.0000000000000000        0.0000000000000000        0.0000000000000000     
          29 m=   2.5216784418385801E-007 r=   1.0000000000000000      d=   3.0000000000000000     
   1.3882082559904809        3.3412107825279238E-003  0.38482317328453064     
   238.43960523605347        290.18164873123169        37.914749085903168     
   0.0000000000000000        0.0000000000000000        0.0000000000000000     
          30 m=   2.1868172455086140E-007 r=   1.0000000000000000      d=   3.0000000000000000     
   1.4317648519007393        1.4007309675216675E-002  0.27189555764198303     
   283.48891496658325        301.50769472122192        47.505987882614136     
   0.0000000000000000        0.0000000000000000        0.0000000000000000     
          31 m=   3.1544524868414423E-007 r=   1.0000000000000000      d=   3.0000000000000000     
   1.4696033047890420        8.7078583240509030E-003  0.28458455204963684     
   92.874040603637695        359.13285255432129        50.373880863189697     
   0.0000000000000000        0.0000000000000000        0.0000000000000000     
          32 m=   4.1636288913084542E-007 r=   1.0000000000000000      d=   3.0000000000000000     
   1.5242674035597097        4.7935172915458679E-003  0.14109167456626892     
   272.96165227890015        60.029752850532532        44.672089219093323     
   0.0000000000000000        0.0000000000000000        0.0000000000000000     
          33 m=   3.4424082557375978E-007 r=   1.0000000000000000      d=   3.0000000000000000     
   1.5965776477564613        1.8051746487617493E-003  0.36227712035179138     
   302.04808473587036        303.80139112472534        110.75163960456848     
   0.0000000000000000        0.0000000000000000        0.0000000000000000     
          34 m=   6.4998703547257493E-007 r=   1.0000000000000000      d=   3.0000000000000000     
   1.6565355385764189        1.6415709257125856E-002  0.39159592986106873     
   70.510151982307434        49.833496212959290        335.70313453674316     
   0.0000000000000000        0.0000000000000000        0.0000000000000000     
          35 m=   7.2787184129235488E-007 r=   1.0000000000000000      d=   3.0000000000000000     
   1.7700183906304434        1.5117075443267822E-002  0.37663036584854126     
   346.09278917312622        104.64578390121460        356.04436397552490     
   0.0000000000000000        0.0000000000000000        0.0000000000000000     
          36 m=   3.5919287490248128E-007 r=   1.0000000000000000      d=   3.0000000000000000     
   1.8976775161358450        9.5302212238311777E-003   4.3294057250022888E-002
   89.057933092117310        22.519260942935944        40.084865391254425     
   0.0000000000000000        0.0000000000000000        0.0000000000000000     
          37 m=   4.7678681610060355E-007 r=   1.0000000000000000      d=   3.0000000000000000     
   1.9609977231496591        1.2489454746246338E-002  0.25917047262191772     
   207.03793287277222        21.342638880014420        128.95721912384033     
   0.0000000000000000        0.0000000000000000        0.0000000000000000     
          38 m=   8.5253683037101417E-007 r=   1.0000000000000000      d=   3.0000000000000000     
   2.0452610953380645        4.3405443429946899E-003  0.28603032231330872     
   243.96008491516113        167.04184055328369        192.12407827377319     
   0.0000000000000000        0.0000000000000000        0.0000000000000000     
          39 m=   7.7103191824721859E-007 r=   1.0000000000000000      d=   3.0000000000000000     
   2.1964401245283747        3.4923487901687622E-003  0.41989064216613770     
   13.767029196023941        343.65760087966919        95.185042619705200     
   0.0000000000000000        0.0000000000000000        0.0000000000000000     
          40 m=   8.9829365895819291E-007 r=   1.0000000000000000      d=   3.0000000000000000     
   2.3339953229571360        3.0604666471481324E-003  0.10538283735513687     
   104.52290654182434        308.81321668624878        241.40926122665405     
   0.0000000000000000        0.0000000000000000        0.0000000000000000     
          41 m=   9.2496638301136534E-007 r=   1.0000000000000000      d=   3.0000000000000000     
   2.4951387380848602        4.8283165693283085E-003   3.4042552113533020E-002
   277.29663848876953        298.47293615341187        9.1970922052860260     
   0.0000000000000000        0.0000000000000000        0.0000000000000000     
          42 m=   6.6762803370557147E-007 r=   1.0000000000000000      d=   3.0000000000000000     
   2.6621399128912406        5.3032451868057252E-003   6.5603680908679962E-002
   340.40489673614502        275.17838001251221        182.45780467987061     
   0.0000000000000000        0.0000000000000000        0.0000000000000000     
          43 m=   1.6845523907751692E-006 r=   1.0000000000000000      d=   1.5000000000000000     
   2.7000000000000002        5.7550305128097534E-003  0.38083568215370178     
   208.25765132904053        174.10152196884155        111.77671551704407     
   0.0000000000000000        0.0000000000000000        0.0000000000000000     
          44 m=   2.1955273701711273E-006 r=   1.0000000000000000      d=   1.5000000000000000     
   2.8533228588993844        5.4185223579406739E-003  0.39018568396568298     
   16.484055966138840        218.86235475540161        139.16241288185120     
   0.0000000000000000        0.0000000000000000        0.0000000000000000     
          45 m=   3.5419182504753954E-006 r=   1.0000000000000000      d=   1.5000000000000000     
   3.0543824211329476        1.0376198291778565E-002   1.7873546108603477E-002
   276.97885036468506        336.73801660537720        21.188009530305862     
   0.0000000000000000        0.0000000000000000        0.0000000000000000     
          46 m=   2.8260198888078402E-006 r=   1.0000000000000000      d=   1.5000000000000000     
   3.3813593968578490        4.0940561890602115E-003  0.31422829627990723     
   25.652526319026947        57.822530865669250        342.30892181396484     
   0.0000000000000000        0.0000000000000000        0.0000000000000000     
          47 m=   6.0292473375878738E-006 r=   1.0000000000000000      d=   1.5000000000000000     
   3.6456818311166801        3.7275323271751403E-003  0.49723687767982483     
   81.268792748451233        64.365237951278687        12.029758393764496     
   0.0000000000000000        0.0000000000000000        0.0000000000000000     
          48 m=   6.6312434544538102E-006 r=   1.0000000000000000      d=   1.5000000000000000     
   4.2156015224210970        1.8527554273605348E-002  0.39649710059165955     
   174.61357712745667        146.18344902992249        294.99743700027466     
   0.0000000000000000        0.0000000000000000        0.0000000000000000     
          49 m=   4.5690170805130207E-006 r=   1.0000000000000000      d=   1.5000000000000000     
   4.8568790984400625        4.9030381441116334E-003  0.24749335646629333     
   52.682898044586182        259.71379280090332        323.97756814956665     
   0.0000000000000000        0.0000000000000000        0.0000000000000000     
