)O+_06 Big-body initial data  (WARNING: Do not delete  this line!!)
) Lines beginning with `)` are ignored.
)--------------------------------------------------
style (Cartesian, Asteroidal, Cometary) = Asteroidal
epoch (in days) = 0.
)--------------------------------------------------
           1 m=   5.9586661623388248E-008 r=   1.0000000000000000      d=   3.0000000000000000     
  0.50000000000000000        3.5259118676185608E-003  0.32795065641403198     
   39.339401721954346        319.29685592651367        244.91548776626587     
   0.0000000000000000        0.0000000000000000        0.0000000000000000     
           2 m=   8.5743137868143003E-008 r=   1.0000000000000000      d=   3.0000000000000000     
  0.50993307059410153        4.6323615312576297E-003  0.21557712554931641     
   57.438921332359314        111.58716917037964        259.94205951690674     
   0.0000000000000000        0.0000000000000000        0.0000000000000000     
           3 m=   8.0436561175959531E-008 r=   1.0000000000000000      d=   3.0000000000000000     
  0.52423209460974118        4.2616578936576846E-003   2.5087723508477211E-002
   292.10584402084351        36.036076247692108        14.855601042509079     
   0.0000000000000000        0.0000000000000000        0.0000000000000000     
           4 m=   8.5794964000916672E-008 r=   1.0000000000000000      d=   3.0000000000000000     
  0.53765383757204654        1.8478003740310670E-002  0.26906269788742065     
   102.56626725196838        213.66590738296509        335.13972043991089     
   0.0000000000000000        0.0000000000000000        0.0000000000000000     
           5 m=   6.0164400069780404E-008 r=   1.0000000000000000      d=   3.0000000000000000     
  0.55197737799367552        3.1571707129478457E-003   7.2084344923496246E-002
   168.93643498420715        350.75148582458496        55.410854816436768     
   0.0000000000000000        0.0000000000000000        0.0000000000000000     
           6 m=   1.5434648926475852E-007 r=   1.0000000000000000      d=   3.0000000000000000     
  0.56202763106103981        4.3155893683433531E-003   5.3335789591073990E-002
   250.37401914596558        44.790599942207336        131.38534784317017     
   0.0000000000000000        0.0000000000000000        0.0000000000000000     
           7 m=   1.4813989696494591E-007 r=   1.0000000000000000      d=   3.0000000000000000     
  0.58782104057548745        9.5678943395614627E-003  0.13458637893199921     
   346.86616659164429        77.492537498474121        326.74397706985474     
   0.0000000000000000        0.0000000000000000        0.0000000000000000     
           8 m=   9.3553575958423986E-008 r=   1.0000000000000000      d=   3.0000000000000000     
  0.61260279867868672        1.2066608667373658E-002  0.38958394527435303     
   85.093080997467041        121.85040593147278        42.471835613250732     
   0.0000000000000000        0.0000000000000000        0.0000000000000000     
           9 m=   6.9175490279391369E-008 r=   1.0000000000000000      d=   3.0000000000000000     
  0.62826854071773097        6.2338590621948244E-003   9.5080353319644928E-002
   162.99995541572571        244.26585674285889        105.16715168952942     
   0.0000000000000000        0.0000000000000000        0.0000000000000000     
          10 m=   1.4635975579580419E-007 r=   1.0000000000000000      d=   3.0000000000000000     
  0.63985938219298000        1.3877160549163818E-002  0.48634207248687744     
   285.56479454040527        285.96989393234253        290.53700923919678     
   0.0000000000000000        0.0000000000000000        0.0000000000000000     
          11 m=   1.9926005592747176E-007 r=   1.0000000000000000      d=   3.0000000000000000     
  0.66439436454873690        1.2878241539001465E-002  0.42819398641586304     
   209.57418680191040        273.51380109786987        155.33610105514526     
   0.0000000000000000        0.0000000000000000        0.0000000000000000     
          12 m=   1.8211542754848187E-007 r=   1.0000000000000000      d=   3.0000000000000000     
  0.69783007364053029        1.6811811923980714E-002   7.3234505951404572E-002
   241.91958904266357        145.41050076484680        282.47709989547729     
   0.0000000000000000        0.0000000000000000        0.0000000000000000     
          13 m=   1.6543781018073640E-007 r=   1.0000000000000000      d=   3.0000000000000000     
  0.72842982274629586        1.6609915494918824E-002   7.7106662094593048E-002
   3.4340563416481018        343.83591413497925        175.76729178428650     
   0.0000000000000000        0.0000000000000000        0.0000000000000000     
          14 m=   2.1442962266856072E-007 r=   1.0000000000000000      d=   3.0000000000000000     
  0.75626137781173164        1.4845201373100282E-003  0.26725721359252930     
   206.89873695373535        81.893135905265808        260.24431228637695     
   0.0000000000000000        0.0000000000000000        0.0000000000000000     
          15 m=   1.3068488495302378E-007 r=   1.0000000000000000      d=   3.0000000000000000     
  0.79237499290639923        6.0451865196228033E-003  0.38181471824645996     
   279.19727325439453        120.85953354835510        253.27687740325928     
   0.0000000000000000        0.0000000000000000        0.0000000000000000     
          16 m=   2.6120960995788082E-007 r=   1.0000000000000000      d=   3.0000000000000000     
  0.81441637895679664        1.7367658615112306E-002  0.30421885848045349     
   108.43557357788086        34.387059509754181        314.88498687744141     
   0.0000000000000000        0.0000000000000000        0.0000000000000000     
          17 m=   2.9061204853214802E-007 r=   1.0000000000000000      d=   3.0000000000000000     
  0.85851099751855564        1.1776335239410400E-002  0.29991254210472107     
   353.41895341873169        327.70360708236694        188.20041418075562     
   0.0000000000000000        0.0000000000000000        0.0000000000000000     
          18 m=   1.3269854156463200E-007 r=   1.0000000000000000      d=   3.0000000000000000     
  0.90765562610741113        1.9920903444290160E-002   7.3058195412158966E-003
   347.35711812973022        334.50581789016724        83.817406296730042     
   0.0000000000000000        0.0000000000000000        0.0000000000000000     
          19 m=   3.1830906120677443E-007 r=   1.0000000000000000      d=   3.0000000000000000     
  0.93014007880905170        1.5668809413909912E-002  0.24044276773929596     
   278.18378448486328        244.67880964279175        156.97013497352600     
   0.0000000000000000        0.0000000000000000        0.0000000000000000     
          20 m=   1.7462715496322159E-007 r=   1.0000000000000000      d=   3.0000000000000000     
  0.98412292365300413        1.7720764875411989E-002  0.47804754972457886     
   162.11968660354614        99.437191486358643        191.45170211791992     
   0.0000000000000000        0.0000000000000000        0.0000000000000000     
          21 m=   1.9203367246073435E-007 r=   1.0000000000000000      d=   3.0000000000000000     
   1.0138024060425681        1.0596442967653275E-004  0.16116480529308319     
   324.89164352416992        65.205418467521667        170.89020967483521     
   0.0000000000000000        0.0000000000000000        0.0000000000000000     
          22 m=   3.6920423594701323E-007 r=   1.0000000000000000      d=   3.0000000000000000     
   1.0464790553305647        1.2150232791900636E-002  0.27306947112083435     
   294.68269586563110        184.99420881271362        100.80184578895569     
   0.0000000000000000        0.0000000000000000        0.0000000000000000     
          23 m=   3.1819640738805747E-007 r=   1.0000000000000000      d=   3.0000000000000000     
   1.1093854008678945        1.8799555301666261E-003  0.19971105456352234     
   48.822330236434937        343.09674024581909        186.86478137969971     
   0.0000000000000000        0.0000000000000000        0.0000000000000000     
          24 m=   2.2615146541912042E-007 r=   1.0000000000000000      d=   3.0000000000000000     
   1.1637374407357133        5.8869087696075441E-003  0.31778189539909363     
   59.087031483650208        90.236442089080811        163.03819298744202     
   0.0000000000000000        0.0000000000000000        0.0000000000000000     
          25 m=   2.7181917859134037E-007 r=   1.0000000000000000      d=   3.0000000000000000     
   1.2024510956073349        1.5953279733657837E-002   2.5124222040176392E-002
   61.004392504692078        48.179163336753845        171.61959886550903     
   0.0000000000000000        0.0000000000000000        0.0000000000000000     
          26 m=   3.9724635957299991E-007 r=   1.0000000000000000      d=   3.0000000000000000     
   1.2490544726828812        6.1334814876317983E-004  0.41210445761680603     
   33.945852220058441        88.855447769165039        21.072392910718918     
   0.0000000000000000        0.0000000000000000        0.0000000000000000     
          27 m=   4.5936110993915599E-007 r=   1.0000000000000000      d=   3.0000000000000000     
   1.3172894108618185        3.6833474040031434E-003  0.43795469403266907     
   311.25842571258545        236.12762689590454        1.9317450374364853     
   0.0000000000000000        0.0000000000000000        0.0000000000000000     
          28 m=   5.3700680533785986E-007 r=   1.0000000000000000      d=   3.0000000000000000     
   1.3964094445067035        1.5392516553401948E-003   9.0037874877452850E-002
   260.48440217971802        8.8626549392938614        113.34316849708557     
   0.0000000000000000        0.0000000000000000        0.0000000000000000     
          29 m=   3.3303947940874918E-007 r=   1.0000000000000000      d=   3.0000000000000000     
   1.4891963057711977        1.1840964555740357E-002  0.14973807334899902     
   43.974315226078033        350.10425806045532        277.60067224502563     
   0.0000000000000000        0.0000000000000000        0.0000000000000000     
          30 m=   3.4101317249156443E-007 r=   1.0000000000000000      d=   3.0000000000000000     
   1.5469545903742412        5.1035386323928832E-003  0.12063359469175339     
   319.20602560043335        99.057101011276245        328.52916955947876     
   0.0000000000000000        0.0000000000000000        0.0000000000000000     
          31 m=   5.3089191795987497E-007 r=   1.0000000000000000      d=   3.0000000000000000     
   1.6062325281565972        4.5968148112297061E-003  0.38772669434547424     
   135.32373189926147        222.61997938156128        158.04811477661133     
   0.0000000000000000        0.0000000000000000        0.0000000000000000     
          32 m=   6.7199301103533180E-007 r=   1.0000000000000000      d=   3.0000000000000000     
   1.6987359522254948        1.3952643871307374E-002   3.9735920727252960E-002
   159.48130488395691        300.47757625579834        269.00610208511353     
   0.0000000000000000        0.0000000000000000        0.0000000000000000     
          33 m=   6.0992257045360520E-007 r=   1.0000000000000000      d=   3.0000000000000000     
   1.8162590959185145        5.0688159465789792E-003  0.47697666287422180     
   74.009962677955627        246.84073448181152        120.02681493759155     
   0.0000000000000000        0.0000000000000000        0.0000000000000000     
          34 m=   5.2823598265734877E-007 r=   1.0000000000000000      d=   3.0000000000000000     
   1.9234295164560895        6.1342567205429077E-003   7.4981428682804108E-002
   275.80994367599487        36.176524758338928        346.04457378387451     
   0.0000000000000000        0.0000000000000000        0.0000000000000000     
          35 m=   3.5887969619599136E-007 r=   1.0000000000000000      d=   3.0000000000000000     
   2.0166454068404542        1.9153795242309569E-002  0.31446555256843567     
   147.34490990638733        214.53753948211670        170.74161529541016     
   0.0000000000000000        0.0000000000000000        0.0000000000000000     
          36 m=   4.5162180751430518E-007 r=   1.0000000000000000      d=   3.0000000000000000     
   2.0802121828449947        1.0015927553176880E-002   5.1382485777139664E-002
   63.859882950782776        92.347168922424316        230.25530576705933     
   0.0000000000000000        0.0000000000000000        0.0000000000000000     
          37 m=   9.2017367980179452E-007 r=   1.0000000000000000      d=   3.0000000000000000     
   2.1604096162032640        5.9326088428497317E-003  0.13436079025268555     
   132.26298809051514        127.85861849784851        90.105593204498291     
   0.0000000000000000        0.0000000000000000        0.0000000000000000     
          38 m=   6.1793553791422584E-007 r=   1.0000000000000000      d=   3.0000000000000000     
   2.3243358811507178        1.0130045413970947E-002   8.1684462726116180E-002
   167.29623198509216        130.09756565093994        281.41318559646606     
   0.0000000000000000        0.0000000000000000        0.0000000000000000     
          39 m=   8.4890916783024395E-007 r=   1.0000000000000000      d=   3.0000000000000000     
   2.4351434943521468        1.1528903245925903E-002  0.47034302353858948     
   132.78272509574890        295.52814960479736        150.72748661041260     
   0.0000000000000000        0.0000000000000000        0.0000000000000000     
          40 m=   8.0973490532511606E-007 r=   1.0000000000000000      d=   3.0000000000000000     
   2.5880452869101322        1.2859057188034057E-002  0.37381675839424133     
   245.21641016006470        357.13664531707764        262.28718996047974     
   0.0000000000000000        0.0000000000000000        0.0000000000000000     
          41 m=   3.3933758446691040E-006 r=   1.0000000000000000      d=   1.5000000000000000     
   2.7000000000000002        1.7104836702346801E-002  0.35150456428527832     
   34.163867533206940        266.71618223190308        337.62797355651855     
   0.0000000000000000        0.0000000000000000        0.0000000000000000     
          42 m=   3.6691376780099287E-006 r=   1.0000000000000000      d=   1.5000000000000000     
   3.0088547964871339        2.3700664937496185E-003  0.30267536640167236     
   105.42051315307617        5.9387775510549545        197.81435251235962     
   0.0000000000000000        0.0000000000000000        0.0000000000000000     
          43 m=   5.2622425258011307E-006 r=   1.0000000000000000      d=   1.5000000000000000     
   3.3469599198842515        7.4584716558456421E-003   9.9755123257637024E-002
   38.001341521739960        334.55856084823608        326.62565946578979     
   0.0000000000000000        0.0000000000000000        0.0000000000000000     
          44 m=   2.3638262384257685E-006 r=   1.0000000000000000      d=   1.5000000000000000     
   3.8384696176209965        5.6107646226882931E-003  0.39375340938568115     
   78.386389017105103        112.93978571891785        164.98028397560120     
   0.0000000000000000        0.0000000000000000        0.0000000000000000     
          45 m=   6.1939533895328834E-006 r=   1.0000000000000000      d=   1.5000000000000000     
   4.0636420287023851        8.2485485076904293E-003  0.33987206220626831     
   116.79545044898987        26.481691002845764        233.83839368820190     
   0.0000000000000000        0.0000000000000000        0.0000000000000000     
          46 m=   8.1461055135468451E-006 r=   1.0000000000000000      d=   1.5000000000000000     
   4.6590014183817807        1.7127519845962526E-002  0.36707752943038940     
   186.43101453781128        132.14085102081299        344.28963661193848     
   0.0000000000000000        0.0000000000000000        0.0000000000000000     
