)O+_06 Big-body initial data  (WARNING: Do not delete  this line!!)
) Lines beginning with `)` are ignored.
)--------------------------------------------------
style (Cartesian, Asteroidal, Cometary) = Asteroidal
epoch (in days) = 0.
)--------------------------------------------------
           1 m=   5.6675967429011478E-008 r=   1.0000000000000000      d=   3.0000000000000000     
  0.50000000000000000        2.7575710415840148E-003  0.10771056264638901     
   260.62726736068726        127.05335497856140        181.93389415740967     
   0.0000000000000000        0.0000000000000000        0.0000000000000000     
           2 m=   1.3287123803192797E-007 r=   1.0000000000000000      d=   3.0000000000000000     
  0.50944785913699187        7.1979624032974246E-003  0.34117430448532104     
   150.13907432556152        202.36228466033936        309.44454431533813     
   0.0000000000000000        0.0000000000000000        0.0000000000000000     
           3 m=   7.5199682498721177E-008 r=   1.0000000000000000      d=   3.0000000000000000     
  0.53160580899173870        1.1316388100385665E-003  0.14885711669921875     
   145.02665519714355        195.59828996658325        243.36008548736572     
   0.0000000000000000        0.0000000000000000        0.0000000000000000     
           4 m=   6.7365135404771193E-008 r=   1.0000000000000000      d=   3.0000000000000000     
  0.54415742150819257        1.7599333524703980E-002  0.10847184807062149     
   308.85432958602905        211.55788421630859        303.48684310913086     
   0.0000000000000000        0.0000000000000000        0.0000000000000000     
           5 m=   1.1833799380718204E-007 r=   1.0000000000000000      d=   3.0000000000000000     
  0.55540701288083005        1.7950680255889893E-002  0.45870664715766907     
   95.055298805236816        336.11505746841431        164.58772659301758     
   0.0000000000000000        0.0000000000000000        0.0000000000000000     
           6 m=   8.8099850092613299E-008 r=   1.0000000000000000      d=   3.0000000000000000     
  0.57517767382524465        1.1207207441329955E-002  0.41950270533561707     
   329.23478364944458        124.57172155380249        270.18578052520752     
   0.0000000000000000        0.0000000000000000        0.0000000000000000     
           7 m=   1.1052101714646250E-007 r=   1.0000000000000000      d=   3.0000000000000000     
  0.58990811000667420        7.8614361584186557E-004  0.48637747764587402     
   246.21567249298096        169.33960318565369        153.87087464332581     
   0.0000000000000000        0.0000000000000000        0.0000000000000000     
           8 m=   9.5852695328350479E-008 r=   1.0000000000000000      d=   3.0000000000000000     
  0.60839829279545532        1.5342005491256715E-002   7.3525123298168182E-002
   219.00335311889648        239.97809886932373        154.50623631477356     
   0.0000000000000000        0.0000000000000000        0.0000000000000000     
           9 m=   1.2556083960849369E-007 r=   1.0000000000000000      d=   3.0000000000000000     
  0.62444632799420141        1.5843798220157624E-003  0.30480360984802246     
   92.641814947128296        243.97285223007202        42.834765315055847     
   0.0000000000000000        0.0000000000000000        0.0000000000000000     
          10 m=   1.5789027900249382E-007 r=   1.0000000000000000      d=   3.0000000000000000     
  0.64548171627054518        1.1567782610654830E-003  0.22070553898811340     
   236.95655822753906        222.29558229446411        346.35663270950317     
   0.0000000000000000        0.0000000000000000        0.0000000000000000     
          11 m=   1.8112495832573751E-007 r=   1.0000000000000000      d=   3.0000000000000000     
  0.67195556822665814        8.7255489826202400E-003  0.25286349654197693     
   221.00537538528442        234.96187448501587        274.16971921920776     
   0.0000000000000000        0.0000000000000000        0.0000000000000000     
          12 m=   2.1274024689261468E-007 r=   1.0000000000000000      d=   3.0000000000000000     
  0.70235741320841605        1.3695831298828126E-002  0.10344183444976807     
   351.67624711990356        35.931081175804138        219.82069730758667     
   0.0000000000000000        0.0000000000000000        0.0000000000000000     
          13 m=   1.1094388109326386E-007 r=   1.0000000000000000      d=   3.0000000000000000     
  0.73810933854876049        9.0514159202575682E-003   5.6887619197368622E-002
   15.760894864797592        260.52291870117188        45.417898893356323     
   0.0000000000000000        0.0000000000000000        0.0000000000000000     
          14 m=   1.3304231811097664E-007 r=   1.0000000000000000      d=   3.0000000000000000     
  0.75678062340997387        8.8050979375839233E-003  0.22210679948329926     
   61.381307244300842        21.763975024223328        31.996682882308960     
   0.0000000000000000        0.0000000000000000        0.0000000000000000     
          15 m=   1.3132870380186947E-007 r=   1.0000000000000000      d=   3.0000000000000000     
  0.77918769012170574        4.0800964832305910E-003  0.39215806126594543     
   35.787821710109711        63.345692753791809        155.18424510955811     
   0.0000000000000000        0.0000000000000000        0.0000000000000000     
          16 m=   1.0941153558501681E-007 r=   1.0000000000000000      d=   3.0000000000000000     
  0.80132598216560758        3.6579808592796326E-003   9.6081860363483429E-002
   259.91182565689087        117.24794983863831        344.09870624542236     
   0.0000000000000000        0.0000000000000000        0.0000000000000000     
          17 m=   2.0126647079247350E-007 r=   1.0000000000000000      d=   3.0000000000000000     
  0.81978600140501878        4.2300346493721009E-003  0.11816535145044327     
   210.28510093688965        94.099391698837280        290.28449535369873     
   0.0000000000000000        0.0000000000000000        0.0000000000000000     
          18 m=   1.8518914322309399E-007 r=   1.0000000000000000      d=   3.0000000000000000     
  0.85376895720520551        1.6117769479751586E-002  0.36595538258552551     
   256.42679929733276        248.23762893676758        359.72047090530396     
   0.0000000000000000        0.0000000000000000        0.0000000000000000     
          19 m=   2.7821982388501211E-007 r=   1.0000000000000000      d=   3.0000000000000000     
  0.88507985972939729        1.6268237829208373E-002  0.43834605813026428     
   134.18249487876892        236.20450973510742        351.30717515945435     
   0.0000000000000000        0.0000000000000000        0.0000000000000000     
          20 m=   2.4890894706871223E-007 r=   1.0000000000000000      d=   3.0000000000000000     
  0.93217890038129070        4.6703657507896424E-003  0.25886067748069763     
   29.044949412345886        166.52054786682129        263.94968748092651     
   0.0000000000000000        0.0000000000000000        0.0000000000000000     
          21 m=   1.8526881500355802E-007 r=   1.0000000000000000      d=   3.0000000000000000     
  0.97439544575450254        1.9989309310913087E-002  0.22186808288097382     
   319.67968225479126        220.06201028823853        34.108133912086487     
   0.0000000000000000        0.0000000000000000        0.0000000000000000     
          22 m=   2.0955022677014633E-007 r=   1.0000000000000000      d=   3.0000000000000000     
   1.0058713259924308        4.7335240244865415E-003  0.28433543443679810     
   241.01559877395630        301.05837106704712        292.68230438232422     
   0.0000000000000000        0.0000000000000000        0.0000000000000000     
          23 m=   2.9070959741006142E-007 r=   1.0000000000000000      d=   3.0000000000000000     
   1.0415173001298801        6.7470473051071166E-003   5.4550766944885254E-002
   293.12242269515991        261.39287710189819        284.62007761001587     
   0.0000000000000000        0.0000000000000000        0.0000000000000000     
          24 m=   2.4423918409975001E-007 r=   1.0000000000000000      d=   3.0000000000000000     
   1.0910396171729375        1.4147716760635377E-002  0.48792693018913269     
   108.04260849952698        229.30312156677246        330.01736640930176     
   0.0000000000000000        0.0000000000000000        0.0000000000000000     
          25 m=   2.3715183735547775E-007 r=   1.0000000000000000      d=   3.0000000000000000     
   1.1327282082466477        1.8557310104370117E-002  0.43356510996818542     
   180.02338886260986        27.222635149955750        296.17149353027344     
   0.0000000000000000        0.0000000000000000        0.0000000000000000     
          26 m=   2.1958202063999761E-007 r=   1.0000000000000000      d=   3.0000000000000000     
   1.1732746339698967        1.2587841749191284E-002  0.29807123541831970     
   169.30510997772217        64.530644416809082        292.56053209304810     
   0.0000000000000000        0.0000000000000000        0.0000000000000000     
          27 m=   2.3147126927349563E-007 r=   1.0000000000000000      d=   3.0000000000000000     
   1.2108780433727959        3.6543336510658263E-003  0.34341400861740112     
   321.43736600875854        318.24386358261108        270.03701448440552     
   0.0000000000000000        0.0000000000000000        0.0000000000000000     
          28 m=   2.3033424558899798E-007 r=   1.0000000000000000      d=   3.0000000000000000     
   1.2505771539650785        2.1622130647301675E-004  0.31253048777580261     
   123.50504994392395        172.42853164672852        240.04431724548340     
   0.0000000000000000        0.0000000000000000        0.0000000000000000     
          29 m=   4.1112570914060991E-007 r=   1.0000000000000000      d=   3.0000000000000000     
   1.2901440371556809        3.1714424490928649E-003  0.34792307019233704     
   302.16949224472046        138.69243621826172        298.41248989105225     
   0.0000000000000000        0.0000000000000000        0.0000000000000000     
          30 m=   2.6490371932398961E-007 r=   1.0000000000000000      d=   3.0000000000000000     
   1.3608791923793648        1.2894382476806640E-002  0.41777843236923218     
   195.24093389511108        16.680903285741806        214.99143362045288     
   0.0000000000000000        0.0000000000000000        0.0000000000000000     
          31 m=   5.5446030296313124E-007 r=   1.0000000000000000      d=   3.0000000000000000     
   1.4065856461289772        1.3681881427764893E-002  0.40145784616470337     
   29.627847075462341        127.88449645042419        140.10150790214539     
   0.0000000000000000        0.0000000000000000        0.0000000000000000     
          32 m=   3.8059166297065072E-007 r=   1.0000000000000000      d=   3.0000000000000000     
   1.5024272187318291        1.7614853382110596E-002   4.6130299568176270E-002
   123.96250605583191        279.42326545715332        251.96188688278198     
   0.0000000000000000        0.0000000000000000        0.0000000000000000     
          33 m=   3.0265350897336817E-007 r=   1.0000000000000000      d=   3.0000000000000000     
   1.5684673126956623        3.0801303684711455E-004  0.49811860918998718     
   266.99141979217529        317.94485092163086        21.863523870706558     
   0.0000000000000000        0.0000000000000000        0.0000000000000000     
          34 m=   7.2627906880402593E-007 r=   1.0000000000000000      d=   3.0000000000000000     
   1.6211225239260576        1.5945546627044678E-002  0.46780550479888916     
   51.511314511299133        176.94195985794067        344.41072225570679     
   0.0000000000000000        0.0000000000000000        0.0000000000000000     
          35 m=   7.4510599039829542E-007 r=   1.0000000000000000      d=   3.0000000000000000     
   1.7477458999861692        8.2253170013427742E-003  0.38024863600730896     
   55.307745337486267        174.94809150695801        175.60185313224792     
   0.0000000000000000        0.0000000000000000        0.0000000000000000     
          36 m=   7.6736920447529151E-007 r=   1.0000000000000000      d=   3.0000000000000000     
   1.8783112955563330        1.8590112924575807E-002  0.10552667826414108     
   335.38830757141113        271.91576242446899        304.83584403991699     
   0.0000000000000000        0.0000000000000000        0.0000000000000000     
          37 m=   5.3450951760977926E-007 r=   1.0000000000000000      d=   3.0000000000000000     
   2.0134819926459233        8.5180741548538212E-003  0.20379266142845154     
   355.29963254928589        258.71963739395142        175.21675229072571     
   0.0000000000000000        0.0000000000000000        0.0000000000000000     
          38 m=   3.9266599498761210E-007 r=   1.0000000000000000      d=   3.0000000000000000     
   2.1081453243178281        4.4996106624603273E-003  0.40365114808082581     
   136.72232151031494        21.877637654542923        168.12695503234863     
   0.0000000000000000        0.0000000000000000        0.0000000000000000     
          39 m=   6.0283734605950727E-007 r=   1.0000000000000000      d=   3.0000000000000000     
   2.1779515417968889        1.8540838956832888E-002   1.0146424174308777E-002
   3.7391854450106621        153.68837714195251        62.863410115242004     
   0.0000000000000000        0.0000000000000000        0.0000000000000000     
          40 m=   8.5550074704436130E-007 r=   1.0000000000000000      d=   3.0000000000000000     
   2.2854206439360998        8.5170352458953866E-003  0.26167073845863342     
   294.56424951553345        158.08173894882202        126.41284346580505     
   0.0000000000000000        0.0000000000000000        0.0000000000000000     
          41 m=   9.9609193965257786E-007 r=   1.0000000000000000      d=   3.0000000000000000     
   2.4385896146546271        8.9721482992172249E-003  0.26049119234085083     
   214.94901180267334        38.785351216793060        176.15114808082581     
   0.0000000000000000        0.0000000000000000        0.0000000000000000     
          42 m=   1.3728077334164726E-006 r=   1.0000000000000000      d=   3.0000000000000000     
   2.6180260546115619        1.2663936614990235E-003  0.27294644713401794     
   193.77979516983032        197.95663833618164        252.50753402709961     
   0.0000000000000000        0.0000000000000000        0.0000000000000000     
          43 m=   2.3356545608398300E-006 r=   1.0000000000000000      d=   1.5000000000000000     
   2.7000000000000002        1.9801436662673949E-002  0.12755545973777771     
   332.73815631866455        108.81827116012573        35.847162902355194     
   0.0000000000000000        0.0000000000000000        0.0000000000000000     
          44 m=   2.9967110142625620E-006 r=   1.0000000000000000      d=   1.5000000000000000     
   2.9125842073125194        1.8161350488662721E-002  0.29886594414710999     
   6.8893021345138550        205.83679676055908        29.609895050525665     
   0.0000000000000000        0.0000000000000000        0.0000000000000000     
          45 m=   3.0130443543831468E-006 r=   1.0000000000000000      d=   1.5000000000000000     
   3.1876649677502265        1.4817521572113038E-002  0.15828195214271545     
   225.51599264144897        95.885978937149048        62.746326327323914     
   0.0000000000000000        0.0000000000000000        0.0000000000000000     
          46 m=   4.5192931789910477E-006 r=   1.0000000000000000      d=   1.5000000000000000     
   3.4673051131651227        1.4488818645477295E-002  0.26704502105712891     
   255.51358222961426        140.11201143264771        111.01046204566956     
   0.0000000000000000        0.0000000000000000        0.0000000000000000     
          47 m=   5.0223056168446403E-006 r=   1.0000000000000000      d=   1.5000000000000000     
   3.8914579318452831        1.2104548215866089E-002   7.2827205061912537E-002
   182.84011602401733        140.64878582954407        204.27566528320312     
   0.0000000000000000        0.0000000000000000        0.0000000000000000     
          48 m=   3.3709671770252147E-006 r=   1.0000000000000000      d=   1.5000000000000000     
   4.3708857913843309        3.6497035622596740E-003  0.47145333886146545     
   354.59386825561523        315.52468299865723        116.10970616340637     
   0.0000000000000000        0.0000000000000000        0.0000000000000000     
          49 m=   8.0502255832703955E-006 r=   1.0000000000000000      d=   1.5000000000000000     
   4.6989079401706917        1.5632638931274416E-002   8.1322282552719116E-002
   173.96184325218201        49.242964982986450        259.89631175994873     
   0.0000000000000000        0.0000000000000000        0.0000000000000000     
