)O+_06 Big-body initial data  (WARNING: Do not delete  this line!!)
) Lines beginning with `)` are ignored.
)--------------------------------------------------
style (Cartesian, Asteroidal, Cometary) = Asteroidal
epoch (in days) = 0.
)--------------------------------------------------
           1 m=   1.2842791715282733E-007 r=   1.0000000000000000      d=   3.0000000000000000     
  0.50000000000000000        1.4888516664505006E-002  0.37349605560302734     
   314.74072694778442        230.32298326492310        135.88120222091675     
   0.0000000000000000        0.0000000000000000        0.0000000000000000     
           2 m=   1.0962453736564921E-007 r=   1.0000000000000000      d=   3.0000000000000000     
  0.52140887796996072        3.8495829701423647E-003  0.49583566188812256     
   276.87647581100464        107.30088114738464        48.195927143096924     
   0.0000000000000000        0.0000000000000000        0.0000000000000000     
           3 m=   6.4051528137752100E-008 r=   1.0000000000000000      d=   3.0000000000000000     
  0.53969889674870697        1.5938652753829958E-002  0.48042201995849609     
   105.73433160781860        12.330070585012436        181.99886798858643     
   0.0000000000000000        0.0000000000000000        0.0000000000000000     
           4 m=   9.2523914417443850E-008 r=   1.0000000000000000      d=   3.0000000000000000     
  0.55039322729883455        3.7501960992813109E-003  0.26064917445182800     
   325.63892841339111        180.70743799209595        213.76448392868042     
   0.0000000000000000        0.0000000000000000        0.0000000000000000     
           5 m=   1.0388819251709946E-007 r=   1.0000000000000000      d=   3.0000000000000000     
  0.56584804496692698        1.9167720079421996E-002  0.48951783776283264     
   346.71066284179688        57.539611458778381        54.524953365325928     
   0.0000000000000000        0.0000000000000000        0.0000000000000000     
           6 m=   1.3031966321614011E-007 r=   1.0000000000000000      d=   3.0000000000000000     
  0.58321183619600259        1.1016288995742798E-002   1.1523582972586155E-002
   272.53530979156494        102.05210924148560        354.84402179718018     
   0.0000000000000000        0.0000000000000000        0.0000000000000000     
           7 m=   1.6102426646729777E-007 r=   1.0000000000000000      d=   3.0000000000000000     
  0.60500849641140653        1.0218299627304077E-002  0.30758780241012573     
   220.72679042816162        174.21772599220276        266.72699689865112     
   0.0000000000000000        0.0000000000000000        0.0000000000000000     
           8 m=   1.0753745783088500E-007 r=   1.0000000000000000      d=   3.0000000000000000     
  0.63196415712576781        1.1281409263610841E-002  0.11332364380359650     
   226.23394489288330        340.10247230529785        30.736350417137146     
   0.0000000000000000        0.0000000000000000        0.0000000000000000     
           9 m=   9.4995663172113714E-008 r=   1.0000000000000000      d=   3.0000000000000000     
  0.64998548073245521        1.1710056662559509E-003   7.5392022728919983E-002
   359.61434125900269        70.453809499740601        354.81872320175171     
   0.0000000000000000        0.0000000000000000        0.0000000000000000     
          10 m=   1.6078320783537595E-007 r=   1.0000000000000000      d=   3.0000000000000000     
  0.66591650727118079        3.1103035807609558E-003  0.19484877586364746     
   101.00297927856445        50.907763838768005        263.98760318756104     
   0.0000000000000000        0.0000000000000000        0.0000000000000000     
          11 m=   2.1591674043554444E-007 r=   1.0000000000000000      d=   3.0000000000000000     
  0.69289746873125035        9.5771425962448125E-003  0.33765736222267151     
   115.70236444473267        81.438780426979065        249.68546390533447     
   0.0000000000000000        0.0000000000000000        0.0000000000000000     
          12 m=   1.2934862442948460E-007 r=   1.0000000000000000      d=   3.0000000000000000     
  0.72916948980123641        1.0183829814195632E-003  0.37669909000396729     
   142.39481806755066        112.23791599273682        275.44760942459106     
   0.0000000000000000        0.0000000000000000        0.0000000000000000     
          13 m=   1.7268013265189316E-007 r=   1.0000000000000000      d=   3.0000000000000000     
  0.75093041538625283        8.8806360960006717E-003  0.47922384738922119     
   339.73185539245605        350.67621231079102        285.27814149856567     
   0.0000000000000000        0.0000000000000000        0.0000000000000000     
          14 m=   1.6280322362455362E-007 r=   1.0000000000000000      d=   3.0000000000000000     
  0.78000650166506968        4.0551868081092832E-003  0.41429340839385986     
   210.46740531921387        75.714662075042725        286.41833782196045     
   0.0000000000000000        0.0000000000000000        0.0000000000000000     
          15 m=   2.2128746415327038E-007 r=   1.0000000000000000      d=   3.0000000000000000     
  0.80745140330364318        4.5361030101776128E-003   7.0050522685050964E-002
   348.41753482818604        170.92859745025635        215.69258451461792     
   0.0000000000000000        0.0000000000000000        0.0000000000000000     
          16 m=   1.9522114919067943E-007 r=   1.0000000000000000      d=   3.0000000000000000     
  0.84479638555949199        7.6747328042984012E-004  0.31855636835098267     
   97.596176862716675        203.74312877655029        120.72188258171082     
   0.0000000000000000        0.0000000000000000        0.0000000000000000     
          17 m=   2.9162059242070188E-007 r=   1.0000000000000000      d=   3.0000000000000000     
  0.87779160789495170        3.8474813103675843E-003  0.34014868736267090     
   104.65115904808044        346.91399574279785        39.035561084747314     
   0.0000000000000000        0.0000000000000000        0.0000000000000000     
          18 m=   1.3213024960768956E-007 r=   1.0000000000000000      d=   3.0000000000000000     
  0.92714483639266387        1.7655230760574341E-002  0.43989899754524231     
   304.67360258102417        93.306552171707153        348.30852985382080     
   0.0000000000000000        0.0000000000000000        0.0000000000000000     
          19 m=   1.8650849720591736E-007 r=   1.0000000000000000      d=   3.0000000000000000     
  0.94955045756252598        4.9053244292736049E-004  0.37622994184494019     
   31.922243535518646        51.080889701843262        115.40736436843872     
   0.0000000000000000        0.0000000000000000        0.0000000000000000     
          20 m=   2.3294290134517464E-007 r=   1.0000000000000000      d=   3.0000000000000000     
  0.98120547678515679        1.4679893255233764E-002   1.6804913058876991E-002
   141.04805946350098        83.395280241966248        98.777067661285400     
   0.0000000000000000        0.0000000000000000        0.0000000000000000     
          21 m=   2.0681867177063734E-007 r=   1.0000000000000000      d=   3.0000000000000000     
   1.0207916338262244        1.5780395269393920E-002   4.9932342022657394E-002
   342.17384576797485        329.37172651290894        256.91541194915771     
   0.0000000000000000        0.0000000000000000        0.0000000000000000     
          22 m=   2.1150596640366718E-007 r=   1.0000000000000000      d=   3.0000000000000000     
   1.0559939540687866        1.4297138452529907E-002  0.13420298695564270     
   108.52779865264893        241.14078283309937        286.64503812789917     
   0.0000000000000000        0.0000000000000000        0.0000000000000000     
          23 m=   1.6567307166539546E-007 r=   1.0000000000000000      d=   3.0000000000000000     
   1.0920448194933983        6.7474532127380369E-003  0.28410324454307556     
   41.100352406501770        208.92949104309082        160.83315968513489     
   0.0000000000000000        0.0000000000000000        0.0000000000000000     
          24 m=   3.5550803165250213E-007 r=   1.0000000000000000      d=   3.0000000000000000     
   1.1203242893578802        1.7226402461528779E-003  0.10069619119167328     
   156.26154899597168        336.13660097122192        123.61561059951782     
   0.0000000000000000        0.0000000000000000        0.0000000000000000     
          25 m=   2.3387154343457558E-007 r=   1.0000000000000000      d=   3.0000000000000000     
   1.1810762111762712        1.0974751710891724E-002   6.1102524399757385E-002
   190.12943744659424        73.157181143760681        121.89113259315491     
   0.0000000000000000        0.0000000000000000        0.0000000000000000     
          26 m=   3.5346300954698772E-007 r=   1.0000000000000000      d=   3.0000000000000000     
   1.2211392008305417        1.1190824508666992E-002  0.36146441102027893     
   239.48414325714111        99.903820753097534        310.96490621566772     
   0.0000000000000000        0.0000000000000000        0.0000000000000000     
          27 m=   4.8777351330819904E-007 r=   1.0000000000000000      d=   3.0000000000000000     
   1.2817857241918527        1.6183800697326660E-002  0.23066431283950806     
   346.78177356719971        151.21911406517029        198.26507091522217     
   0.0000000000000000        0.0000000000000000        0.0000000000000000     
          28 m=   4.8603067422097150E-007 r=   1.0000000000000000      d=   3.0000000000000000     
   1.3656802629005087        1.0811050236225128E-003  0.36212626099586487     
   93.563379049301147        284.84437465667725        220.89709997177124     
   0.0000000000000000        0.0000000000000000        0.0000000000000000     
          29 m=   4.2351477742231943E-007 r=   1.0000000000000000      d=   3.0000000000000000     
   1.4495560392754032        9.6538203954696662E-003  0.24349968135356903     
   5.6623276323080063        4.7965407371520996        25.487296879291534     
   0.0000000000000000        0.0000000000000000        0.0000000000000000     
          30 m=   3.4562020662862233E-007 r=   1.0000000000000000      d=   3.0000000000000000     
   1.5228888808667569        1.1216844320297242E-002  0.39795690774917603     
   295.16995668411255        151.79486632347107        319.52402830123901     
   0.0000000000000000        0.0000000000000000        0.0000000000000000     
          31 m=   3.6959464200003628E-007 r=   1.0000000000000000      d=   3.0000000000000000     
   1.5829098485273825        1.8782134056091308E-002  0.23175072669982910     
   170.49630045890808        337.01233148574829        23.702909052371979     
   0.0000000000000000        0.0000000000000000        0.0000000000000000     
          32 m=   3.8882892828710737E-007 r=   1.0000000000000000      d=   3.0000000000000000     
   1.6472485371960193        1.0498437285423280E-003  0.36631777882575989     
   328.34025621414185        317.11609125137329        135.12378931045532     
   0.0000000000000000        0.0000000000000000        0.0000000000000000     
          33 m=   3.4753813349655046E-007 r=   1.0000000000000000      d=   3.0000000000000000     
   1.7151099323750854        1.8429602682590485E-003   3.0536958947777748E-002
   302.10780143737793        69.421073198318481        128.39257121086121     
   0.0000000000000000        0.0000000000000000        0.0000000000000000     
          34 m=   5.6529642710600180E-007 r=   1.0000000000000000      d=   3.0000000000000000     
   1.7759298115980275        3.1728008389472961E-003   5.8262363076210022E-002
   40.878877043724060        315.83348035812378        339.34327840805054     
   0.0000000000000000        0.0000000000000000        0.0000000000000000     
          35 m=   8.5981453176319775E-007 r=   1.0000000000000000      d=   3.0000000000000000     
   1.8750987990827199        1.2810881435871124E-003  0.39151450991630554     
   12.135972529649734        114.13438796997070        62.830209732055664     
   0.0000000000000000        0.0000000000000000        0.0000000000000000     
          36 m=   4.8567880695012083E-007 r=   1.0000000000000000      d=   3.0000000000000000     
   2.0265341126607326        5.7143825292587285E-003  0.26470679044723511     
   241.07559442520142        67.796308994293213        320.39113283157349     
   0.0000000000000000        0.0000000000000000        0.0000000000000000     
          37 m=   6.2742333824622843E-007 r=   1.0000000000000000      d=   3.0000000000000000     
   2.1125942895089080        1.5963149070739747E-002  0.43188723921775818     
   71.224247217178345        236.63426399230957        251.09201431274414     
   0.0000000000000000        0.0000000000000000        0.0000000000000000     
          38 m=   1.0713554969201748E-006 r=   1.0000000000000000      d=   3.0000000000000000     
   2.2241543570823672        9.0102535486221314E-003  0.28955259919166565     
   199.49938058853149        190.97276687622070        200.59827089309692     
   0.0000000000000000        0.0000000000000000        0.0000000000000000     
          39 m=   1.1878302723667816E-006 r=   1.0000000000000000      d=   3.0000000000000000     
   2.4155004939860660        1.6898057460784911E-002  0.21962198615074158     
   172.38895297050476        351.02444887161255        247.80049324035645     
   0.0000000000000000        0.0000000000000000        0.0000000000000000     
          40 m=   1.2877267027919233E-006 r=   1.0000000000000000      d=   3.0000000000000000     
   2.6292792317743552        1.2247831821441652E-002  0.11956190317869186     
   17.130501866340637        45.703763365745544        192.17954635620117     
   0.0000000000000000        0.0000000000000000        0.0000000000000000     
          41 m=   1.6661168289649303E-006 r=   1.0000000000000000      d=   1.5000000000000000     
   2.7000000000000002        1.4456604421138764E-003  0.20373532176017761     
   119.83460783958435        326.93434953689575        126.50071263313293     
   0.0000000000000000        0.0000000000000000        0.0000000000000000     
          42 m=   3.1185139179285258E-006 r=   1.0000000000000000      d=   1.5000000000000000     
   2.8516449098740879        7.4991208314895627E-003  0.18064673244953156     
   109.45805311203003        115.48504114151001        118.85847687721252     
   0.0000000000000000        0.0000000000000000        0.0000000000000000     
          43 m=   2.9055438432770372E-006 r=   1.0000000000000000      d=   1.5000000000000000     
   3.1372095398823596        1.3680831193923951E-002  0.31535270810127258     
   8.2084990292787552        232.62569189071655        3.7381484359502792     
   0.0000000000000000        0.0000000000000000        0.0000000000000000     
          44 m=   2.1414481974422119E-006 r=   1.0000000000000000      d=   1.5000000000000000     
   3.4063288910027261        1.0301939249038697E-002   1.6832148656249046E-002
   290.55771589279175        342.37314462661743        336.55425310134888     
   0.0000000000000000        0.0000000000000000        0.0000000000000000     
          45 m=   3.7117965054328479E-006 r=   1.0000000000000000      d=   1.5000000000000000     
   3.6068223224746752        1.0911842584609985E-002  0.21803499758243561     
   44.616677463054657        98.024225234985352        116.14525079727173     
   0.0000000000000000        0.0000000000000000        0.0000000000000000     
          46 m=   4.5737032761639792E-006 r=   1.0000000000000000      d=   1.5000000000000000     
   3.9571380713638913        1.9145382642745973E-002  0.28543427586555481     
   32.998112440109253        29.176884591579437        113.31850290298462     
   0.0000000000000000        0.0000000000000000        0.0000000000000000     
          47 m=   4.8054217407476585E-006 r=   1.0000000000000000      d=   1.5000000000000000     
   4.3948910372326910        1.8041496276855470E-002  0.18798576295375824     
   38.696473538875580        343.43424797058105        39.872579276561737     
   0.0000000000000000        0.0000000000000000        0.0000000000000000     
          48 m=   4.2410544227957341E-006 r=   1.0000000000000000      d=   1.5000000000000000     
   4.8629463381009659        9.1621410846710206E-003  0.38616245985031128     
   143.45647931098938        58.783845305442810        221.30968809127808     
   0.0000000000000000        0.0000000000000000        0.0000000000000000     
