)O+_06 Big-body initial data  (WARNING: Do not delete  this line!!)
) Lines beginning with `)` are ignored.
)--------------------------------------------------
style (Cartesian, Asteroidal, Cometary) = Asteroidal
epoch (in days) = 0.
)--------------------------------------------------
           1 m=   1.0511664892911283E-007 r=   1.0000000000000000      d=   3.0000000000000000     
  0.50000000000000000        1.3234099149703979E-002  0.10032671689987183     
   150.24412035942078        58.186705112457275        215.34076452255249     
   0.0000000000000000        0.0000000000000000        0.0000000000000000     
           2 m=   9.4930152582686762E-008 r=   1.0000000000000000      d=   3.0000000000000000     
  0.51752289968898746        1.1183670759201051E-002   2.3176640272140503E-002
   332.47798204421997        332.46283292770386        248.48312616348267     
   0.0000000000000000        0.0000000000000000        0.0000000000000000     
           3 m=   1.0810017535433074E-007 r=   1.0000000000000000      d=   3.0000000000000000     
  0.53335881061854329        1.0804542303085328E-002  0.48990556597709656     
   355.87326049804688        335.46903133392334        164.70022916793823     
   0.0000000000000000        0.0000000000000000        0.0000000000000000     
           4 m=   6.8462446286690356E-008 r=   1.0000000000000000      d=   3.0000000000000000     
  0.55140312428278171        8.1477540731430056E-003  0.14202080667018890     
   225.75923681259155        210.46154737472534        292.75483131408691     
   0.0000000000000000        0.0000000000000000        0.0000000000000000     
           5 m=   6.8431065731646040E-008 r=   1.0000000000000000      d=   3.0000000000000000     
  0.56283927431872394        1.9960404634475709E-002   9.5183014869689941E-002
   257.62420177459717        205.60726404190063        89.471910595893860     
   0.0000000000000000        0.0000000000000000        0.0000000000000000     
           6 m=   1.0674686477544620E-007 r=   1.0000000000000000      d=   3.0000000000000000     
  0.57427541268227122        5.2808779478073125E-003  0.35007232427597046     
   266.95118665695190        137.02437043190002        350.62643051147461     
   0.0000000000000000        0.0000000000000000        0.0000000000000000     
           7 m=   9.5944259703981194E-008 r=   1.0000000000000000      d=   3.0000000000000000     
  0.59212301547490376        1.4351592063903809E-002  0.26233270764350891     
   62.694377303123474        1.6576386988162994        287.07043647766113     
   0.0000000000000000        0.0000000000000000        0.0000000000000000     
           8 m=   8.4049509592413699E-008 r=   1.0000000000000000      d=   3.0000000000000000     
  0.60817592671573673        1.2468010187149048E-002  0.22927027940750122     
   10.520203113555908        141.12278580665588        21.137461960315704     
   0.0000000000000000        0.0000000000000000        0.0000000000000000     
           9 m=   1.6784895759960503E-007 r=   1.0000000000000000      d=   3.0000000000000000     
  0.62224770097781945        1.6633007526397705E-002   5.4165832698345184E-002
   203.28573703765869        105.52506566047668        14.430820941925049     
   0.0000000000000000        0.0000000000000000        0.0000000000000000     
          10 m=   1.4404288104350939E-007 r=   1.0000000000000000      d=   3.0000000000000000     
  0.65036520565422185        1.3149280548095704E-002  0.30695274472236633     
   129.73009228706360        109.60886836051941        31.206300258636475     
   0.0000000000000000        0.0000000000000000        0.0000000000000000     
          11 m=   1.6454695175071408E-007 r=   1.0000000000000000      d=   3.0000000000000000     
  0.67452194859616865        8.2241797447204588E-003  0.31733611226081848     
   56.372067332267761        179.24033403396606        207.05763101577759     
   0.0000000000000000        0.0000000000000000        0.0000000000000000     
          12 m=   8.1974052816481799E-008 r=   1.0000000000000000      d=   3.0000000000000000     
  0.70214400868020144        1.0063883066177368E-002   5.1319939084351063E-003
   256.92757844924927        207.78980970382690        29.373785555362701     
   0.0000000000000000        0.0000000000000000        0.0000000000000000     
          13 m=   1.9129216086036857E-007 r=   1.0000000000000000      d=   3.0000000000000000     
  0.71591998779938737        9.9785590171813966E-003  0.30176460742950439     
   81.371628642082214        180.48266887664795        122.49899625778198     
   0.0000000000000000        0.0000000000000000        0.0000000000000000     
          14 m=   1.7094935476165657E-007 r=   1.0000000000000000      d=   3.0000000000000000     
  0.74808491367456220        1.1754127740859986E-002   7.3726221919059753E-002
   65.917475223541260        139.54403758049011        336.47365808486938     
   0.0000000000000000        0.0000000000000000        0.0000000000000000     
          15 m=   2.2648800886684535E-007 r=   1.0000000000000000      d=   3.0000000000000000     
  0.77686629342700619        1.7298657894134522E-002   3.5753887146711349E-002
   82.986420392990112        104.56251740455627        358.87514591217041     
   0.0000000000000000        0.0000000000000000        0.0000000000000000     
          16 m=   1.3567567725952075E-007 r=   1.0000000000000000      d=   3.0000000000000000     
  0.81504219843889059        1.0671539306640625E-002  0.23229740560054779     
   19.794609993696213        68.842145204544067        142.61931896209717     
   0.0000000000000000        0.0000000000000000        0.0000000000000000     
          17 m=   2.4333350264590349E-007 r=   1.0000000000000000      d=   3.0000000000000000     
  0.83794609159960254        1.0381603240966797E-002  0.24479857087135315     
   41.458797454833984        195.21477699279785        40.540403723716736     
   0.0000000000000000        0.0000000000000000        0.0000000000000000     
          18 m=   2.6214329280884062E-007 r=   1.0000000000000000      d=   3.0000000000000000     
  0.87906173587653835        4.9956160783767700E-003   9.4886161386966705E-002
   300.81937551498413        97.049531936645508        43.897885680198669     
   0.0000000000000000        0.0000000000000000        0.0000000000000000     
          19 m=   2.8337355027307939E-007 r=   1.0000000000000000      d=   3.0000000000000000     
  0.92342854494050974        5.8071798086166380E-003   7.8303655609488487E-003
   228.95040035247803        3.4599983319640160        274.45716619491577     
   0.0000000000000000        0.0000000000000000        0.0000000000000000     
          20 m=   3.2832339454342801E-007 r=   1.0000000000000000      d=   3.0000000000000000     
  0.97147368746274743        5.8881044387817383E-003  0.12511309981346130     
   231.23478412628174        283.76189947128296        323.56768369674683     
   0.0000000000000000        0.0000000000000000        0.0000000000000000     
          21 m=   2.9268814514580540E-007 r=   1.0000000000000000      d=   3.0000000000000000     
   1.0272470249616852        1.3703097105026246E-002   2.6891011744737625E-002
   353.17794084548950        263.31316709518433        174.31046605110168     
   0.0000000000000000        0.0000000000000000        0.0000000000000000     
          22 m=   2.5708283624405967E-007 r=   1.0000000000000000      d=   3.0000000000000000     
   1.0770779350320274        1.6107385158538819E-002  0.47856760025024414     
  0.29463869053870440        302.96574354171753        101.89510345458984     
   0.0000000000000000        0.0000000000000000        0.0000000000000000     
          23 m=   2.8222097933386206E-007 r=   1.0000000000000000      d=   3.0000000000000000     
   1.1209342786141576        9.0441632270812991E-003  0.14309205114841461     
   311.62625312805176        295.77564239501953        222.87575483322144     
   0.0000000000000000        0.0000000000000000        0.0000000000000000     
          24 m=   2.0911715892548402E-007 r=   1.0000000000000000      d=   3.0000000000000000     
   1.1691635271614511        1.6055011749267580E-002  0.30907928943634033     
   190.12396574020386        15.430240184068680        299.32944059371948     
   0.0000000000000000        0.0000000000000000        0.0000000000000000     
          25 m=   3.4672229301279049E-007 r=   1.0000000000000000      d=   3.0000000000000000     
   1.2049689410706985        1.7856855392456055E-002  0.14685171842575073     
   262.85081863403320        268.19154739379883        110.73432326316833     
   0.0000000000000000        0.0000000000000000        0.0000000000000000     
          26 m=   4.9635715186104543E-007 r=   1.0000000000000000      d=   3.0000000000000000     
   1.2644204385869344        1.0130231380462647E-002   2.5847068056464195E-002
   55.979949831962585        303.53364229202271        352.27049589157104     
   0.0000000000000000        0.0000000000000000        0.0000000000000000     
          27 m=   5.2141066062640566E-007 r=   1.0000000000000000      d=   3.0000000000000000     
   1.3497320400359687        7.8936958312988276E-003  0.46237012743949890     
   188.28173875808716        163.91283988952637        65.399454832077026     
   0.0000000000000000        0.0000000000000000        0.0000000000000000     
          28 m=   2.9801653764062823E-007 r=   1.0000000000000000      d=   3.0000000000000000     
   1.4396560637204339        2.2424888610839844E-003  0.31856691837310791     
   340.80428838729858        348.15961360931396        118.66586208343506     
   0.0000000000000000        0.0000000000000000        0.0000000000000000     
          29 m=   4.2655488260603084E-007 r=   1.0000000000000000      d=   3.0000000000000000     
   1.4912380818777220        1.9847995042800905E-002  0.48328912258148193     
   261.17540359497070        191.49867296218872        162.73650884628296     
   0.0000000000000000        0.0000000000000000        0.0000000000000000     
          30 m=   3.7772782357948173E-007 r=   1.0000000000000000      d=   3.0000000000000000     
   1.5652205735937224        3.8669264316558839E-003   4.0978830307722092E-002
   304.23618793487549        98.068438768386841        131.49065136909485     
   0.0000000000000000        0.0000000000000000        0.0000000000000000     
          31 m=   3.4183119873454940E-007 r=   1.0000000000000000      d=   3.0000000000000000     
   1.6309285693597513        1.5577763319015503E-002  0.14037948846817017     
   8.0692715942859650        68.173513412475586        354.76046562194824     
   0.0000000000000000        0.0000000000000000        0.0000000000000000     
          32 m=   5.1118367015326905E-007 r=   1.0000000000000000      d=   3.0000000000000000     
   1.6905486291148197        1.8907179832458498E-002  0.43926021456718445     
   188.75419378280640        120.17206192016602        177.03456044197083     
   0.0000000000000000        0.0000000000000000        0.0000000000000000     
          33 m=   3.0791056445031172E-007 r=   1.0000000000000000      d=   3.0000000000000000     
   1.7799189644009039        1.5999829769134520E-002  0.19400821626186371     
   339.89409685134888        290.51321268081665        118.60721826553345     
   0.0000000000000000        0.0000000000000000        0.0000000000000000     
          34 m=   6.9763173442529368E-007 r=   1.0000000000000000      d=   3.0000000000000000     
   1.8339438090956794        5.2257090806961063E-003  0.17164884507656097     
   183.51247072219849        234.07932043075562        32.901681661605835     
   0.0000000000000000        0.0000000000000000        0.0000000000000000     
          35 m=   7.0185729015856465E-007 r=   1.0000000000000000      d=   3.0000000000000000     
   1.9566124836801055        2.7443602681159972E-003  0.38967961072921753     
   260.27403116226196        239.97970819473267        251.10628366470337     
   0.0000000000000000        0.0000000000000000        0.0000000000000000     
          36 m=   6.3166466060286622E-007 r=   1.0000000000000000      d=   3.0000000000000000     
   2.0806312004379572        5.3013670444488530E-003  0.28759533166885376     
   36.133011281490326        344.04701471328735        337.35245704650879     
   0.0000000000000000        0.0000000000000000        0.0000000000000000     
          37 m=   4.3462721961941862E-007 r=   1.0000000000000000      d=   3.0000000000000000     
   2.1928018989062248        3.5258251428604125E-003  0.26764366030693054     
   175.40847659111023        354.72883701324463        125.86381673812866     
   0.0000000000000000        0.0000000000000000        0.0000000000000000     
          38 m=   1.1190260161524760E-006 r=   1.0000000000000000      d=   3.0000000000000000     
   2.2703298613276908        6.1158931255340578E-003  0.48442280292510986     
   201.27270698547363        344.46468830108643        15.555236488580704     
   0.0000000000000000        0.0000000000000000        0.0000000000000000     
          39 m=   7.2843988113792346E-007 r=   1.0000000000000000      d=   3.0000000000000000     
   2.4705595308747776        1.1322092264890672E-003   5.2668258547782898E-002
   4.0056696161627769        288.56219530105591        23.600247502326965     
   0.0000000000000000        0.0000000000000000        0.0000000000000000     
          40 m=   8.0984676934256458E-007 r=   1.0000000000000000      d=   3.0000000000000000     
   2.6019489242631546        9.1577076911926267E-003  0.15431720018386841     
   268.33166599273682        129.99078154563904        117.56967544555664     
   0.0000000000000000        0.0000000000000000        0.0000000000000000     
          41 m=   3.7783868876427194E-006 r=   1.0000000000000000      d=   1.5000000000000000     
   2.7000000000000002        4.4029060006141665E-003  0.26905724406242371     
   23.063711822032928        190.72593927383423        139.66986536979675     
   0.0000000000000000        0.0000000000000000        0.0000000000000000     
          42 m=   2.4749753246245668E-006 r=   1.0000000000000000      d=   1.5000000000000000     
   3.0438973360601445        6.3277393579483036E-003  0.30320861935615540     
   92.908136844635010        170.82453846931458        198.96124362945557     
   0.0000000000000000        0.0000000000000000        0.0000000000000000     
          43 m=   3.3677227611625065E-006 r=   1.0000000000000000      d=   1.5000000000000000     
   3.2722822264566434        3.0780205130577086E-003  0.43779617547988892     
   225.24657011032104        308.60271692276001        19.633900076150894     
   0.0000000000000000        0.0000000000000000        0.0000000000000000     
          44 m=   3.9790196032721115E-006 r=   1.0000000000000000      d=   1.5000000000000000     
   3.5858997195219784        1.3547097444534303E-002  0.42647174000740051     
   300.64067602157593        260.70670366287231        308.27662467956543     
   0.0000000000000000        0.0000000000000000        0.0000000000000000     
          45 m=   5.7620523103324565E-006 r=   1.0000000000000000      d=   1.5000000000000000     
   3.9611215686779122        1.5075075626373292E-002  0.46456289291381836     
   247.85922288894653        316.49450540542603        4.5151773467659950     
   0.0000000000000000        0.0000000000000000        0.0000000000000000     
          46 m=   2.9792222872787546E-006 r=   1.0000000000000000      d=   1.5000000000000000     
   4.5127002959996325        4.2957377433776858E-003  0.40804043412208557     
   112.37523436546326        129.12688493728638        328.97538185119629     
   0.0000000000000000        0.0000000000000000        0.0000000000000000     
          47 m=   4.8605254873477918E-006 r=   1.0000000000000000      d=   1.5000000000000000     
   4.8042516910998430        9.4841641187667844E-003  0.46816942095756531     
   66.750698089599609        235.02465963363647        334.32224750518799     
   0.0000000000000000        0.0000000000000000        0.0000000000000000     
