)O+_06 Big-body initial data  (WARNING: Do not delete  this line!!)
) Lines beginning with `)` are ignored.
)--------------------------------------------------
style (Cartesian, Asteroidal, Cometary) = Asteroidal
epoch (in days) = 0.
)--------------------------------------------------
           1 m=   9.7133629212236181E-008 r=   1.0000000000000000      d=   3.0000000000000000     
  0.50000000000000000        7.4215896427631378E-004  0.19483605027198792     
   197.39534854888916        31.706395447254181        352.21625089645386     
   0.0000000000000000        0.0000000000000000        0.0000000000000000     
           2 m=   6.5149314237368831E-008 r=   1.0000000000000000      d=   3.0000000000000000     
  0.51619213377189299        1.5079134702682495E-002  0.26112291216850281     
   280.67596435546875        193.00133228302002        150.68519353866577     
   0.0000000000000000        0.0000000000000000        0.0000000000000000     
           3 m=   5.7076525382732002E-008 r=   1.0000000000000000      d=   3.0000000000000000     
  0.52705953251505844        3.6630022525787355E-003  0.38684988021850586     
   116.67064189910889        144.72172021865845        39.774002730846405     
   0.0000000000000000        0.0000000000000000        0.0000000000000000     
           4 m=   1.3989297105890672E-007 r=   1.0000000000000000      d=   3.0000000000000000     
  0.53658446852401065        1.6916835308074953E-002  0.36850255727767944     
   261.29693984985352        201.62287473678589        199.37157869338989     
   0.0000000000000000        0.0000000000000000        0.0000000000000000     
           5 m=   1.3316029289469717E-007 r=   1.0000000000000000      d=   3.0000000000000000     
  0.55993871711378163        7.3565125465393068E-003  0.33501878380775452     
   223.62117290496826        278.75258445739746        122.34894275665283     
   0.0000000000000000        0.0000000000000000        0.0000000000000000     
           6 m=   1.2802314989664125E-007 r=   1.0000000000000000      d=   3.0000000000000000     
  0.58218976413045820        1.1704770326614379E-002  0.41672366857528687     
   331.55970096588135        185.60581684112549        280.90440273284912     
   0.0000000000000000        0.0000000000000000        0.0000000000000000     
           7 m=   1.4466977158672519E-007 r=   1.0000000000000000      d=   3.0000000000000000     
  0.60360144482947309        9.3689846992492682E-003  0.45507526397705078     
   233.08477878570557        154.34531450271606        5.8818972855806351     
   0.0000000000000000        0.0000000000000000        0.0000000000000000     
           8 m=   1.5197348653336267E-007 r=   1.0000000000000000      d=   3.0000000000000000     
  0.62781797994439048        7.2972840070724488E-003  0.32206097245216370     
   165.67563056945801        251.76177263259888        257.00611352920532     
   0.0000000000000000        0.0000000000000000        0.0000000000000000     
           9 m=   1.6940321767031341E-007 r=   1.0000000000000000      d=   3.0000000000000000     
  0.65328175096354890        3.7132561206817626E-003  0.47182253003120422     
   321.98069572448730        212.90390253067017        82.442532777786255     
   0.0000000000000000        0.0000000000000000        0.0000000000000000     
          10 m=   1.1567748617869368E-007 r=   1.0000000000000000      d=   3.0000000000000000     
  0.68169486925142375        1.6609952449798585E-002   8.1922702491283417E-002
   114.27489280700684        116.12914681434631        93.874150514602661     
   0.0000000000000000        0.0000000000000000        0.0000000000000000     
          11 m=   1.0034195097550683E-007 r=   1.0000000000000000      d=   3.0000000000000000     
  0.70111891413495242        2.6275697350502014E-003  0.19252832233905792     
   138.01540374755859        52.085865139961243        109.22194361686707     
   0.0000000000000000        0.0000000000000000        0.0000000000000000     
          12 m=   1.7763717299446539E-007 r=   1.0000000000000000      d=   3.0000000000000000     
  0.71798098079148798        7.6323866844177244E-003  0.15799582004547119     
   251.84603691101074        285.51372528076172        199.42374229431152     
   0.0000000000000000        0.0000000000000000        0.0000000000000000     
          13 m=   1.8239986611059977E-007 r=   1.0000000000000000      d=   3.0000000000000000     
  0.74785234368724030        1.7539548873901366E-002   2.9149737209081650E-002
   317.68611431121826        355.67535638809204        280.83058834075928     
   0.0000000000000000        0.0000000000000000        0.0000000000000000     
          14 m=   9.1304737643974885E-008 r=   1.0000000000000000      d=   3.0000000000000000     
  0.77856126905159584        1.2198027372360230E-002  0.32956722378730774     
   352.37692594528198        273.14635992050171        112.98456788063049     
   0.0000000000000000        0.0000000000000000        0.0000000000000000     
          15 m=   1.7767247672561957E-007 r=   1.0000000000000000      d=   3.0000000000000000     
  0.79395227072070795        1.4108259677886963E-002  0.27807033061981201     
   41.721678078174591        220.73796987533569        26.301363408565521     
   0.0000000000000000        0.0000000000000000        0.0000000000000000     
          16 m=   1.0650325762876223E-007 r=   1.0000000000000000      d=   3.0000000000000000     
  0.82392050104324233        1.9829794168472289E-002   9.3847088515758514E-002
   109.51599955558777        30.979143977165222        153.83559823036194     
   0.0000000000000000        0.0000000000000000        0.0000000000000000     
          17 m=   2.5023360696567118E-007 r=   1.0000000000000000      d=   3.0000000000000000     
  0.84190608051336191        3.9345401525497439E-003  0.46472537517547607     
   242.24291324615479        282.79812812805176        34.328490793704987     
   0.0000000000000000        0.0000000000000000        0.0000000000000000     
          18 m=   1.9168789317391111E-007 r=   1.0000000000000000      d=   3.0000000000000000     
  0.88419432148178645        1.9815611839294433E-002  0.42473578453063965     
   319.04826879501343        161.95167303085327        2.4348513409495354     
   0.0000000000000000        0.0000000000000000        0.0000000000000000     
          19 m=   2.7653755987202000E-007 r=   1.0000000000000000      d=   3.0000000000000000     
  0.91664346890741422        1.6337158679962157E-002  0.29846331477165222     
   135.47283053398132        32.480939626693726        77.078774571418762     
   0.0000000000000000        0.0000000000000000        0.0000000000000000     
          20 m=   1.3731562081580349E-007 r=   1.0000000000000000      d=   3.0000000000000000     
  0.96351686628247712        1.5927300453186036E-002   7.4377380311489105E-002
   173.39956641197205        324.79534149169922        304.53442811965942     
   0.0000000000000000        0.0000000000000000        0.0000000000000000     
          21 m=   2.0135014394825418E-007 r=   1.0000000000000000      d=   3.0000000000000000     
  0.98683568385707121        1.0799367427825928E-002   5.6971345096826553E-002
   115.74995756149292        183.33256959915161        4.9006486684083939     
   0.0000000000000000        0.0000000000000000        0.0000000000000000     
          22 m=   3.1892222936164097E-007 r=   1.0000000000000000      d=   3.0000000000000000     
   1.0210606962420172        5.1179838180541995E-003  0.21476949751377106     
   173.09639096260071        171.83271646499634        349.82020139694214     
   0.0000000000000000        0.0000000000000000        0.0000000000000000     
          23 m=   3.6904781246147979E-007 r=   1.0000000000000000      d=   3.0000000000000000     
   1.0753445922917166        1.6463080644607546E-002   3.1406886875629425E-002
   52.900720238685608        145.96469879150391        60.783362388610840     
   0.0000000000000000        0.0000000000000000        0.0000000000000000     
          24 m=   2.2496880811636901E-007 r=   1.0000000000000000      d=   3.0000000000000000     
   1.1382969300079280        1.2260731458663941E-002  0.28206825256347656     
   195.90856790542603        322.97905683517456        204.60111379623413     
   0.0000000000000000        0.0000000000000000        0.0000000000000000     
          25 m=   4.3213013074789059E-007 r=   1.0000000000000000      d=   3.0000000000000000     
   1.1767689622744508        1.0396909713745118E-002  0.12229490280151367     
   257.96924114227295        207.66717910766602        258.83190393447876     
   0.0000000000000000        0.0000000000000000        0.0000000000000000     
          26 m=   2.3925485759800718E-007 r=   1.0000000000000000      d=   3.0000000000000000     
   1.2507815685250823        1.9516086578369143E-002   2.9289002995938063E-003
   198.68918180465698        161.09324812889099        253.67734193801880     
   0.0000000000000000        0.0000000000000000        0.0000000000000000     
          27 m=   2.9480250405628682E-007 r=   1.0000000000000000      d=   3.0000000000000000     
   1.2918811730743536        1.5759326219558716E-002  0.30216154456138611     
   72.482605576515198        176.44747853279114        127.35390186309814     
   0.0000000000000000        0.0000000000000000        0.0000000000000000     
          28 m=   4.2151744471108117E-007 r=   1.0000000000000000      d=   3.0000000000000000     
   1.3426061689682192        1.1472657918930054E-002  0.44496169686317444     
   71.037415266036987        15.173779428005219        171.06266498565674     
   0.0000000000000000        0.0000000000000000        0.0000000000000000     
          29 m=   3.2713435449172212E-007 r=   1.0000000000000000      d=   3.0000000000000000     
   1.4152815953965692        1.2081397771835327E-002   6.3917472958564758E-002
   209.78704690933228        23.064669370651245        184.88144874572754     
   0.0000000000000000        0.0000000000000000        0.0000000000000000     
          30 m=   2.7691018351403220E-007 r=   1.0000000000000000      d=   3.0000000000000000     
   1.4718482756527065        1.2264831364154816E-003  0.22133447229862213     
   129.02543306350708        221.55072212219238        54.643372893333435     
   0.0000000000000000        0.0000000000000000        0.0000000000000000     
          31 m=   4.4111575765384240E-007 r=   1.0000000000000000      d=   3.0000000000000000     
   1.5198388700124312        4.7020712494850164E-003  0.35435059666633606     
   176.53672099113464        339.58849668502808        31.994419097900391     
   0.0000000000000000        0.0000000000000000        0.0000000000000000     
          32 m=   4.6180602746218111E-007 r=   1.0000000000000000      d=   3.0000000000000000     
   1.5964344052467738        1.6341426372528077E-002   5.5219899863004684E-002
   85.916100740432739        156.78459048271179        185.54378271102905     
   0.0000000000000000        0.0000000000000000        0.0000000000000000     
          33 m=   7.0704458060234641E-007 r=   1.0000000000000000      d=   3.0000000000000000     
   1.6768686671612087        9.6318238973617555E-003  0.10007156431674957     
   200.65077781677246        70.137217640876770        93.117703199386597     
   0.0000000000000000        0.0000000000000000        0.0000000000000000     
          34 m=   4.4341087665494242E-007 r=   1.0000000000000000      d=   3.0000000000000000     
   1.8004137793296595        4.9254849553108217E-003   2.5015685707330704E-002
   52.418485879898071        217.30982780456543        260.40288448333740     
   0.0000000000000000        0.0000000000000000        0.0000000000000000     
          35 m=   6.4713117200947027E-007 r=   1.0000000000000000      d=   3.0000000000000000     
   1.8782768112156205        1.8374866247177126E-002  0.10153257101774216     
   127.46366858482361        20.661305487155914        295.09283781051636     
   0.0000000000000000        0.0000000000000000        0.0000000000000000     
          36 m=   5.7536739252906388E-007 r=   1.0000000000000000      d=   3.0000000000000000     
   1.9922676391778045        1.7915714979171753E-002  0.39520001411437988     
   351.55350923538208        260.88235616683960        122.82407999038696     
   0.0000000000000000        0.0000000000000000        0.0000000000000000     
          37 m=   5.2351730506009660E-007 r=   1.0000000000000000      d=   3.0000000000000000     
   2.0940805976373946        1.8370996713638305E-002  0.39840388298034668     
   256.83887243270874        158.46741914749146        356.73221111297607     
   0.0000000000000000        0.0000000000000000        0.0000000000000000     
          38 m=   6.8245803359378222E-007 r=   1.0000000000000000      d=   3.0000000000000000     
   2.1870965690113038        1.9924497604370119E-002  0.31907510757446289     
   111.64656400680542        316.80937528610229        217.02422618865967     
   0.0000000000000000        0.0000000000000000        0.0000000000000000     
          39 m=   7.3963056871930346E-007 r=   1.0000000000000000      d=   3.0000000000000000     
   2.3088043339832751        1.8216384649276735E-002  0.48274818062782288     
   232.31706619262695        72.876906394958496        64.829699993133545     
   0.0000000000000000        0.0000000000000000        0.0000000000000000     
          40 m=   6.7110096254287953E-007 r=   1.0000000000000000      d=   3.0000000000000000     
   2.4413518121348723        1.2934592962265014E-002   7.7475562691688538E-002
   104.62575316429138        238.13653707504272        248.56221914291382     
   0.0000000000000000        0.0000000000000000        0.0000000000000000     
          41 m=   7.4769815275191805E-007 r=   1.0000000000000000      d=   3.0000000000000000     
   2.5622575924754467        1.5588011741638184E-002  0.22574521601200104     
   145.67368984222412        213.28953981399536        12.208228558301926     
   0.0000000000000000        0.0000000000000000        0.0000000000000000     
          42 m=   1.3111639774651495E-006 r=   1.0000000000000000      d=   3.0000000000000000     
   2.6976161940441044        3.5190236568450927E-003  0.34257286787033081     
   16.996766924858093        217.62023448944092        205.98127126693726     
   0.0000000000000000        0.0000000000000000        0.0000000000000000     
          43 m=   3.2751724301997589E-006 r=   1.0000000000000000      d=   1.5000000000000000     
   2.7000000000000002        4.4291284680366520E-003  0.22442419826984406     
   130.19345998764038        122.12252140045166        156.90228581428528     
   0.0000000000000000        0.0000000000000000        0.0000000000000000     
          44 m=   4.7342008267254369E-006 r=   1.0000000000000000      d=   1.5000000000000000     
   2.9980962795437875        1.4933459758758545E-002  0.21177959442138672     
   183.72951507568359        31.659124195575714        223.31449985504150     
   0.0000000000000000        0.0000000000000000        0.0000000000000000     
          45 m=   3.3181781437014219E-006 r=   1.0000000000000000      d=   1.5000000000000000     
   3.4341575602182508        1.8246378898620606E-002  0.12728831171989441     
   49.589592218399048        201.05207920074463        247.40054368972778     
   0.0000000000000000        0.0000000000000000        0.0000000000000000     
          46 m=   5.1009646864581719E-006 r=   1.0000000000000000      d=   1.5000000000000000     
   3.7451685301714290        6.0085952281951904E-003  0.30076101422309875     
   346.96854114532471        15.020703077316284        36.727753579616547     
   0.0000000000000000        0.0000000000000000        0.0000000000000000     
          47 m=   3.9240643954174534E-006 r=   1.0000000000000000      d=   1.5000000000000000     
   4.2292641356330085        8.3073687553405755E-003  0.39687821269035339     
   316.43676280975342        10.255226343870163        76.082419753074646     
   0.0000000000000000        0.0000000000000000        0.0000000000000000     
          48 m=   3.8580771094556515E-006 r=   1.0000000000000000      d=   1.5000000000000000     
   4.6089501068545964        9.3193376064300542E-003  0.35522896051406860     
   66.159512400627136        204.57583665847778        24.990420341491699     
   0.0000000000000000        0.0000000000000000        0.0000000000000000     
          49 m=   8.6506006282968918E-006 r=   1.0000000000000000      d=   1.5000000000000000     
   4.9879640172710831        8.7879097461700442E-003  0.13959077000617981     
   92.227338552474976        166.98048233985901        355.38241624832153     
   0.0000000000000000        0.0000000000000000        0.0000000000000000     
