)O+_06 Big-body initial data  (WARNING: Do not delete  this line!!)
) Lines beginning with `)` are ignored.
)--------------------------------------------------
style (Cartesian, Asteroidal, Cometary) = Asteroidal
epoch (in days) = 0.
)--------------------------------------------------
           1 m=   4.8510010770218751E-008 r=   1.0000000000000000      d=   3.0000000000000000     
  0.50000000000000000        1.1878699064254761E-002  0.20984478294849396     
   147.84544229507446        116.69835448265076        228.02252769470215     
   0.0000000000000000        0.0000000000000000        0.0000000000000000     
           2 m=   8.5858587369485194E-008 r=   1.0000000000000000      d=   3.0000000000000000     
  0.50808659771119113        1.7063947021961213E-003  0.13344785571098328     
   273.13957929611206        130.23784518241882        294.01793718338013     
   0.0000000000000000        0.0000000000000000        0.0000000000000000     
           3 m=   1.1855008110311348E-007 r=   1.0000000000000000      d=   3.0000000000000000     
  0.52240381726331608        9.6187549829483028E-003  0.18556466698646545     
   180.65812826156616        107.41174221038818        277.56696224212646     
   0.0000000000000000        0.0000000000000000        0.0000000000000000     
           4 m=   9.1094000822549680E-008 r=   1.0000000000000000      d=   3.0000000000000000     
  0.54218378218566754        1.4861351251602173E-002  0.31536638736724854     
   159.58674788475037        136.35380744934082        296.49578332901001     
   0.0000000000000000        0.0000000000000000        0.0000000000000000     
           5 m=   1.5562051358703933E-007 r=   1.0000000000000000      d=   3.0000000000000000     
  0.55739475714640097        1.1329115629196166E-002  0.19321495294570923     
   354.49675083160400        121.69529914855957        344.32360410690308     
   0.0000000000000000        0.0000000000000000        0.0000000000000000     
           6 m=   1.1588799475651831E-007 r=   1.0000000000000000      d=   3.0000000000000000     
  0.58339625463839095        5.6965148448944094E-003   3.6567486822605133E-002
   199.93364095687866        88.866391181945801        222.95916080474854     
   0.0000000000000000        0.0000000000000000        0.0000000000000000     
           7 m=   1.1348608888017075E-007 r=   1.0000000000000000      d=   3.0000000000000000     
  0.60277928415143478        3.3995208144187929E-003  0.43870109319686890     
   56.452667713165283        130.78503727912903        1.4589421637356281     
   0.0000000000000000        0.0000000000000000        0.0000000000000000     
           8 m=   7.5436836170080090E-008 r=   1.0000000000000000      d=   3.0000000000000000     
  0.62177530141182169        6.9607663154602050E-003   7.4976615607738495E-002
   21.939270794391632        42.098000049591064        60.739728212356567     
   0.0000000000000000        0.0000000000000000        0.0000000000000000     
           9 m=   1.6153189014154108E-007 r=   1.0000000000000000      d=   3.0000000000000000     
  0.63441199302022633        1.9567877054214478E-002  0.35151699185371399     
   180.27719020843506        92.300423383712769        164.33078169822693     
   0.0000000000000000        0.0000000000000000        0.0000000000000000     
          10 m=   1.1058329815020525E-007 r=   1.0000000000000000      d=   3.0000000000000000     
  0.66148445284527591        6.7055612802505498E-003   1.9151223823428154E-002
   213.14152479171753        336.94351673126221        289.49483156204224     
   0.0000000000000000        0.0000000000000000        0.0000000000000000     
          11 m=   9.2083486484931624E-008 r=   1.0000000000000000      d=   3.0000000000000000     
  0.68003809937162507        1.7428216934204103E-002  0.30651366710662842     
   359.32627201080322        234.94633913040161        42.816392183303833     
   0.0000000000000000        0.0000000000000000        0.0000000000000000     
          12 m=   1.4088115526573434E-007 r=   1.0000000000000000      d=   3.0000000000000000     
  0.69549932093981626        2.9485636949539186E-003  0.13945619761943817     
   49.630485177040100        163.14449429512024        7.1637839823961258     
   0.0000000000000000        0.0000000000000000        0.0000000000000000     
          13 m=   2.1888109845057870E-007 r=   1.0000000000000000      d=   3.0000000000000000     
  0.71916851894977152        1.8278963565826416E-002  0.40569150447845459     
   29.266258478164673        36.719076633453369        350.23487091064453     
   0.0000000000000000        0.0000000000000000        0.0000000000000000     
          14 m=   1.5725931594173131E-007 r=   1.0000000000000000      d=   3.0000000000000000     
  0.75597718460300356        1.1088001728057862E-002   9.8092786967754364E-002
   86.079227328300476        171.78455471992493        245.48634767532349     
   0.0000000000000000        0.0000000000000000        0.0000000000000000     
          15 m=   1.0970600561511029E-007 r=   1.0000000000000000      d=   3.0000000000000000     
  0.78246204138739139        6.1853641271591188E-003  0.21014791727066040     
   338.87449264526367        196.88461303710938        32.805240154266357     
   0.0000000000000000        0.0000000000000000        0.0000000000000000     
          16 m=   2.2787006625123825E-007 r=   1.0000000000000000      d=   3.0000000000000000     
  0.80095778252347305        9.4542133808135989E-003   4.2909808456897736E-002
   32.243550717830658        207.39668369293213        229.00591135025024     
   0.0000000000000000        0.0000000000000000        0.0000000000000000     
          17 m=   1.8390716543658672E-007 r=   1.0000000000000000      d=   3.0000000000000000     
  0.83940367245624614        6.0204726457595828E-003  0.27286761999130249     
   193.76284360885620        204.73187685012817        250.90619087219238     
   0.0000000000000000        0.0000000000000000        0.0000000000000000     
          18 m=   2.3469464267676217E-007 r=   1.0000000000000000      d=   3.0000000000000000     
  0.87047996233151648        4.2496365308761601E-003   4.2668197304010391E-002
   120.80021381378174        349.01156902313232        18.047338575124741     
   0.0000000000000000        0.0000000000000000        0.0000000000000000     
          19 m=   2.6993288829168154E-007 r=   1.0000000000000000      d=   3.0000000000000000     
  0.91018755332446366        3.3146393299102782E-003   1.0835880413651466E-002
   72.314248681068420        96.635473966598511        10.542035624384880     
   0.0000000000000000        0.0000000000000000        0.0000000000000000     
          20 m=   2.0066163441376093E-007 r=   1.0000000000000000      d=   3.0000000000000000     
  0.95592963834907085        3.1145262718200685E-003  0.14187878370285034     
   63.997555375099182        218.80845308303833        146.71367883682251     
   0.0000000000000000        0.0000000000000000        0.0000000000000000     
          21 m=   1.6903674963308298E-007 r=   1.0000000000000000      d=   3.0000000000000000     
  0.98999547988208303        1.6222593784332277E-002  0.34070661664009094     
   251.30408048629761        13.855724483728409        266.30056858062744     
   0.0000000000000000        0.0000000000000000        0.0000000000000000     
          22 m=   2.4999327085458899E-007 r=   1.0000000000000000      d=   3.0000000000000000     
   1.0187315711272162        3.5356262326240542E-003  0.26060813665390015     
   185.88813543319702        58.654970526695251        69.724672436714172     
   0.0000000000000000        0.0000000000000000        0.0000000000000000     
          23 m=   2.5282731521350442E-007 r=   1.0000000000000000      d=   3.0000000000000000     
   1.0612790740354445        8.4642887115478523E-003  0.21681502461433411     
   313.52289676666260        106.14370107650757        133.89558434486389     
   0.0000000000000000        0.0000000000000000        0.0000000000000000     
          24 m=   3.5859777113099821E-007 r=   1.0000000000000000      d=   3.0000000000000000     
   1.1043822108145567        1.0325431823730469E-002  0.12578079104423523     
   188.09340476989746        51.488944888114929        88.715372085571289     
   0.0000000000000000        0.0000000000000000        0.0000000000000000     
          25 m=   1.9467178037257865E-007 r=   1.0000000000000000      d=   3.0000000000000000     
   1.1656230661471481        6.7805939912796024E-003  0.25498431921005249     
   127.96848177909851        155.94542384147644        153.83980393409729     
   0.0000000000000000        0.0000000000000000        0.0000000000000000     
          26 m=   2.5742906051107033E-007 r=   1.0000000000000000      d=   3.0000000000000000     
   1.1989503964095651        1.4358927011489869E-002  0.38844791054725647     
   154.14630532264709        327.07262277603149        40.069611668586731     
   0.0000000000000000        0.0000000000000000        0.0000000000000000     
          27 m=   3.7243528257318291E-007 r=   1.0000000000000000      d=   3.0000000000000000     
   1.2430804089883105        6.5600529313087469E-004  0.26688835024833679     
   161.11343979835510        356.61633968353271        166.16545557975769     
   0.0000000000000000        0.0000000000000000        0.0000000000000000     
          28 m=   4.9993663786553013E-007 r=   1.0000000000000000      d=   3.0000000000000000     
   1.3070382674218315        1.4367769956588745E-002  0.20998005568981171     
   167.07231044769287        333.65427017211914        269.37440156936646     
   0.0000000000000000        0.0000000000000000        0.0000000000000000     
          29 m=   3.2452496389749838E-007 r=   1.0000000000000000      d=   3.0000000000000000     
   1.3931117001025466        1.8730494976043701E-002   9.2321477830410004E-002
   321.54291629791260        124.18659925460815        5.2485298365354538     
   0.0000000000000000        0.0000000000000000        0.0000000000000000     
          30 m=   2.4008408712747419E-007 r=   1.0000000000000000      d=   3.0000000000000000     
   1.4491774347325972        6.9487011432647705E-003  0.19991207122802734     
   58.639660477638245        15.252909958362579        279.83748435974121     
   0.0000000000000000        0.0000000000000000        0.0000000000000000     
          31 m=   5.0330626493396571E-007 r=   1.0000000000000000      d=   3.0000000000000000     
   1.4907480779340068        4.5146095752716065E-003   7.0304805412888527E-003
   144.47782158851624        167.43572831153870        316.70451164245605     
   0.0000000000000000        0.0000000000000000        0.0000000000000000     
          32 m=   4.2284663501020264E-007 r=   1.0000000000000000      d=   3.0000000000000000     
   1.5780407646972863        1.1324243545532226E-002  0.43005836009979248     
   148.56423139572144        154.35947656631470        102.62138128280640     
   0.0000000000000000        0.0000000000000000        0.0000000000000000     
          33 m=   3.5623983205855009E-007 r=   1.0000000000000000      d=   3.0000000000000000     
   1.6516351754785803        7.0602637529373173E-003  0.36682447791099548     
   307.56573200225830        70.004169344902039        153.13502669334412     
   0.0000000000000000        0.0000000000000000        0.0000000000000000     
          34 m=   4.9067475322659658E-007 r=   1.0000000000000000      d=   3.0000000000000000     
   1.7138197829043418        1.5636707544326781E-002  0.13817620277404785     
   108.51525664329529        201.39761209487915        325.61641931533813     
   0.0000000000000000        0.0000000000000000        0.0000000000000000     
          35 m=   4.0772013951119204E-007 r=   1.0000000000000000      d=   3.0000000000000000     
   1.7996844300515857        5.8817535638809202E-004   3.9453294128179550E-002
   49.907412528991699        2.4399773776531219        263.47523689270020     
   0.0000000000000000        0.0000000000000000        0.0000000000000000     
          36 m=   7.6257477168390528E-007 r=   1.0000000000000000      d=   3.0000000000000000     
   1.8712780731978673        1.4856458902359010E-002  0.44005554914474487     
   339.05437231063843        95.742899179458618        295.14131069183350     
   0.0000000000000000        0.0000000000000000        0.0000000000000000     
          37 m=   9.5261272604433455E-007 r=   1.0000000000000000      d=   3.0000000000000000     
   2.0055664551083634        2.0489963889122010E-003  0.43462562561035156     
   322.68639564514160        141.21039748191833        241.86457157135010     
   0.0000000000000000        0.0000000000000000        0.0000000000000000     
          38 m=   9.7562036080182614E-007 r=   1.0000000000000000      d=   3.0000000000000000     
   2.1742237827261794        8.8641172647476191E-003  0.19313974678516388     
   240.54546117782593        29.554673731327057        195.93506813049316     
   0.0000000000000000        0.0000000000000000        0.0000000000000000     
          39 m=   6.6100398013718931E-007 r=   1.0000000000000000      d=   3.0000000000000000     
   2.3481237774359913        1.2709544897079468E-002  0.36191943287849426     
   274.53583002090454        283.84459733963013        65.193836688995361     
   0.0000000000000000        0.0000000000000000        0.0000000000000000     
          40 m=   9.8091995036434969E-007 r=   1.0000000000000000      d=   3.0000000000000000     
   2.4667672201772697        4.5929381251335142E-003  0.25126710534095764     
   245.23097991943359        91.348206996917725        96.981446743011475     
   0.0000000000000000        0.0000000000000000        0.0000000000000000     
          41 m=   1.2301887433439695E-006 r=   1.0000000000000000      d=   3.0000000000000000     
   2.6436698466870876        8.1254720687866204E-003  0.10584151744842529     
   312.52320528030396        70.728902220726013        128.14833998680115     
   0.0000000000000000        0.0000000000000000        0.0000000000000000     
          42 m=   2.2805694153004057E-006 r=   1.0000000000000000      d=   1.5000000000000000     
   2.7000000000000002        1.4471310377120973E-002  0.30204638838768005     
   354.48932647705078        340.58784484863281        340.64445018768311     
   0.0000000000000000        0.0000000000000000        0.0000000000000000     
          43 m=   1.9843090153170762E-006 r=   1.0000000000000000      d=   1.5000000000000000     
   2.9075705241268590        7.0063567161560061E-003  0.40078708529472351     
   11.575492769479752        359.76512432098389        283.34311008453369     
   0.0000000000000000        0.0000000000000000        0.0000000000000000     
          44 m=   2.2052227071682110E-006 r=   1.0000000000000000      d=   1.5000000000000000     
   3.0896821036060960        1.2888209819793701E-002   6.8855904042720795E-002
   134.98455047607422        147.57482886314392        106.08426332473755     
   0.0000000000000000        0.0000000000000000        0.0000000000000000     
          45 m=   2.6491395833455237E-006 r=   1.0000000000000000      d=   1.5000000000000000     
   3.2935478743698763        1.8330054283142092E-002  0.15409857034683228     
   120.70026397705078        344.00100946426392        50.092699527740479     
   0.0000000000000000        0.0000000000000000        0.0000000000000000     
          46 m=   3.5654638632154842E-006 r=   1.0000000000000000      d=   1.5000000000000000     
   3.5404576079197034        2.3092304170131686E-003  0.25138014554977417     
   130.14642477035522        127.64021158218384        132.49444127082825     
   0.0000000000000000        0.0000000000000000        0.0000000000000000     
          47 m=   3.5198496710243073E-006 r=   1.0000000000000000      d=   1.5000000000000000     
   3.8760705263965121        3.8770931959152223E-003  0.19442079961299896     
   150.02299904823303        184.95331048965454        91.081509590148926     
   0.0000000000000000        0.0000000000000000        0.0000000000000000     
          48 m=   5.7048065437893734E-006 r=   1.0000000000000000      d=   1.5000000000000000     
   4.2118676250678453        1.4558413028717042E-002  0.45319715142250061     
   358.86553287506104        39.618498980998993        287.61288642883301     
   0.0000000000000000        0.0000000000000000        0.0000000000000000     
          49 m=   4.1916575080579020E-006 r=   1.0000000000000000      d=   1.5000000000000000     
   4.7634712842730833        5.7954573631286621E-003  0.17553870379924774     
   155.36741852760315        145.02627968788147        222.08282947540283     
   0.0000000000000000        0.0000000000000000        0.0000000000000000     
