)O+_06 Big-body initial data  (WARNING: Do not delete  this line!!)
) Lines beginning with `)` are ignored.
)--------------------------------------------------
style (Cartesian, Asteroidal, Cometary) = Asteroidal
epoch (in days) = 0.
)--------------------------------------------------
           1 m=   4.8145798183727179E-008 r=   1.0000000000000000      d=   3.0000000000000000     
  0.50000000000000000        1.2524662911891937E-003   3.8564486894756556E-003
   34.751437604427338        110.10235190391541        343.45441818237305     
   0.0000000000000000        0.0000000000000000        0.0000000000000000     
           2 m=   8.0737138121498884E-008 r=   1.0000000000000000      d=   3.0000000000000000     
  0.50802588363132295        9.3119931221008305E-003  0.10624884814023972     
   323.57869148254395        334.18665647506714        327.39783525466919     
   0.0000000000000000        0.0000000000000000        0.0000000000000000     
           3 m=   1.3131579800589613E-007 r=   1.0000000000000000      d=   3.0000000000000000     
  0.52148905092375020        6.4125037193298344E-003  0.42430970072746277     
   75.487478971481323        197.13444471359253        229.80128288269043     
   0.0000000000000000        0.0000000000000000        0.0000000000000000     
           4 m=   5.8286909687630960E-008 r=   1.0000000000000000      d=   3.0000000000000000     
  0.54339816152505560        7.4968022108078004E-003  0.34708154201507568     
   197.61730670928955        343.72278928756714        341.83876276016235     
   0.0000000000000000        0.0000000000000000        0.0000000000000000     
           5 m=   6.1641569792166019E-008 r=   1.0000000000000000      d=   3.0000000000000000     
  0.55313144564498695        4.6227833628654479E-003  0.37828627228736877     
   217.79779672622681        136.72191381454468        102.97427415847778     
   0.0000000000000000        0.0000000000000000        0.0000000000000000     
           6 m=   5.9721827766550647E-008 r=   1.0000000000000000      d=   3.0000000000000000     
  0.56342893010816242        1.0239818096160890E-002  0.45138663053512573     
   194.66619014739990        146.87641382217407        265.71359395980835     
   0.0000000000000000        0.0000000000000000        0.0000000000000000     
           7 m=   1.2915188756297611E-007 r=   1.0000000000000000      d=   3.0000000000000000     
  0.57340982383882810        1.8994866609573363E-002  0.16908395290374756     
   11.180974021553993        272.75222539901733        63.512075543403625     
   0.0000000000000000        0.0000000000000000        0.0000000000000000     
           8 m=   9.9349411246852447E-008 r=   1.0000000000000000      d=   3.0000000000000000     
  0.59500269952932783        1.6203639507293702E-002  0.45509237051010132     
   65.629481077194214        64.411929845809937        113.88098359107971     
   0.0000000000000000        0.0000000000000000        0.0000000000000000     
           9 m=   1.5280333837344031E-007 r=   1.0000000000000000      d=   3.0000000000000000     
  0.61162725843809396        8.9770448207855229E-003  0.40877351164817810     
   225.62662839889526        269.33790206909180        54.386261701583862     
   0.0000000000000000        0.0000000000000000        0.0000000000000000     
          10 m=   1.1916933263748373E-007 r=   1.0000000000000000      d=   3.0000000000000000     
  0.63721349872773414        1.1135361194610597E-002  0.39184212684631348     
   190.73027372360229        278.39737415313721        135.50371885299683     
   0.0000000000000000        0.0000000000000000        0.0000000000000000     
          11 m=   1.6567762204116989E-007 r=   1.0000000000000000      d=   3.0000000000000000     
  0.65718830690416241        8.3918434381484979E-003  0.27910506725311279     
   139.86022710800171        43.573920428752899        122.61905193328857     
   0.0000000000000000        0.0000000000000000        0.0000000000000000     
          12 m=   1.1104150989449414E-007 r=   1.0000000000000000      d=   3.0000000000000000     
  0.68498089305797594        1.4559551477432250E-002  0.44835254549980164     
   170.42213201522827        191.81802749633789        276.02344751358032     
   0.0000000000000000        0.0000000000000000        0.0000000000000000     
          13 m=   2.0177787354883403E-007 r=   1.0000000000000000      d=   3.0000000000000000     
  0.70362893654299352        1.3142688572406768E-003  0.32801845669746399     
   76.206418275833130        19.264416396617889        335.74630737304688     
   0.0000000000000000        0.0000000000000000        0.0000000000000000     
          14 m=   1.7909350511759896E-007 r=   1.0000000000000000      d=   3.0000000000000000     
  0.73754031200325365        1.7232850790023804E-002  0.15606744587421417     
   194.34599876403809        178.45490813255310        296.97386026382446     
   0.0000000000000000        0.0000000000000000        0.0000000000000000     
          15 m=   2.2860712046764254E-007 r=   1.0000000000000000      d=   3.0000000000000000     
  0.76768014223013470        8.0983710289001462E-003  0.30499660968780518     
   160.59350967407227        28.235295116901398        71.509875655174255     
   0.0000000000000000        0.0000000000000000        0.0000000000000000     
          16 m=   1.2521686012476316E-007 r=   1.0000000000000000      d=   3.0000000000000000     
  0.80619907991183726        9.8437676206231125E-005  0.15153816342353821     
   90.132576227188110        15.509440451860428        8.2947555184364319     
   0.0000000000000000        0.0000000000000000        0.0000000000000000     
          17 m=   1.0301781450468946E-007 r=   1.0000000000000000      d=   3.0000000000000000     
  0.82732990717126942        3.3495017886161806E-003   5.0129830837249756E-002
   253.07382345199585        233.76483678817749        26.368399858474731     
   0.0000000000000000        0.0000000000000000        0.0000000000000000     
          18 m=   1.1028784508547066E-007 r=   1.0000000000000000      d=   3.0000000000000000     
  0.84472926030649953        7.5589334964752198E-003  0.10449711233377457     
   1.7128917016088963        98.080294132232666        177.07714319229126     
   0.0000000000000000        0.0000000000000000        0.0000000000000000     
          19 m=   2.5614413762088620E-007 r=   1.0000000000000000      d=   3.0000000000000000     
  0.86336946508921031        3.7989807128906250E-003  0.24680203199386597     
   89.782451391220093        163.82168769836426        306.24677181243896     
   0.0000000000000000        0.0000000000000000        0.0000000000000000     
          20 m=   1.3664263583691174E-007 r=   1.0000000000000000      d=   3.0000000000000000     
  0.90669373593960911        1.2285923957824707E-002  0.19871358573436737     
   198.31270694732666        357.58976697921753        154.43770051002502     
   0.0000000000000000        0.0000000000000000        0.0000000000000000     
          21 m=   1.4503836390029700E-007 r=   1.0000000000000000      d=   3.0000000000000000     
  0.92984558552743313        5.8953410387039187E-003  0.42811906337738037     
   88.229489922523499        356.23649597167969        69.138025045394897     
   0.0000000000000000        0.0000000000000000        0.0000000000000000     
          22 m=   2.2846671679191138E-007 r=   1.0000000000000000      d=   3.0000000000000000     
  0.95444272151633958        1.1893374919891357E-002  0.48041927814483643     
   149.74960684776306        233.49176645278931        271.25956535339355     
   0.0000000000000000        0.0000000000000000        0.0000000000000000     
          23 m=   2.4785357552725449E-007 r=   1.0000000000000000      d=   3.0000000000000000     
  0.99322665799054399        1.3119255304336549E-002  0.10790169239044189     
   96.402969360351562        105.95448732376099        257.07404851913452     
   0.0000000000000000        0.0000000000000000        0.0000000000000000     
          24 m=   1.9954272371279130E-007 r=   1.0000000000000000      d=   3.0000000000000000     
   1.0353669829736223        3.4775483608245851E-003  0.23216766119003296     
   125.39561033248901        245.67719221115112        257.57980585098267     
   0.0000000000000000        0.0000000000000000        0.0000000000000000     
          25 m=   2.2977524475045469E-007 r=   1.0000000000000000      d=   3.0000000000000000     
   1.0693506813508626        7.7693736553192142E-003  0.13608874380588531     
   137.53238081932068        24.931411743164062        68.085971474647522     
   0.0000000000000000        0.0000000000000000        0.0000000000000000     
          26 m=   1.9940319920774495E-007 r=   1.0000000000000000      d=   3.0000000000000000     
   1.1085364472151831        8.1143192946910860E-004  0.43052384257316589     
   60.535869598388672        226.12242937088013        81.557151675224304     
   0.0000000000000000        0.0000000000000000        0.0000000000000000     
          27 m=   4.3582233143154077E-007 r=   1.0000000000000000      d=   3.0000000000000000     
   1.1425959222762938        1.3698701858520509E-002  0.41811215877532959     
   105.22337079048157        256.47851228713989        89.205717444419861     
   0.0000000000000000        0.0000000000000000        0.0000000000000000     
          28 m=   4.5151646434745106E-007 r=   1.0000000000000000      d=   3.0000000000000000     
   1.2171389419453087        9.6689146757125855E-003   3.7277456372976303E-002
   44.187580347061157        141.06896996498108        28.899106979370117     
   0.0000000000000000        0.0000000000000000        0.0000000000000000     
          29 m=   2.2224944400637780E-007 r=   1.0000000000000000      d=   3.0000000000000000     
   1.2945968989759800        1.6633106470108034E-002  0.22344239056110382     
   213.09006929397583        7.5485039502382278        156.45595550537109     
   0.0000000000000000        0.0000000000000000        0.0000000000000000     
          30 m=   4.2187313763710986E-007 r=   1.0000000000000000      d=   3.0000000000000000     
   1.3328422553978363        1.7965803146362307E-002  0.48045814037322998     
   66.955012679100037        2.9650640487670898        293.94500255584717     
   0.0000000000000000        0.0000000000000000        0.0000000000000000     
          31 m=   2.2689496164359396E-007 r=   1.0000000000000000      d=   3.0000000000000000     
   1.4055506059288980        1.3872733116149902E-002  0.18734829127788544     
   193.55953216552734        337.22873210906982        328.61171722412109     
   0.0000000000000000        0.0000000000000000        0.0000000000000000     
          32 m=   2.5710150617456836E-007 r=   1.0000000000000000      d=   3.0000000000000000     
   1.4447690486630134        1.3973480463027954E-002  0.43520635366439819     
   148.85478973388672        336.26543283462524        269.88256216049194     
   0.0000000000000000        0.0000000000000000        0.0000000000000000     
          33 m=   3.1535145579153478E-007 r=   1.0000000000000000      d=   3.0000000000000000     
   1.4892784146212947        6.3056242465972905E-003  0.14390279352664948     
   245.44695138931274        341.34813308715820        223.86636972427368     
   0.0000000000000000        0.0000000000000000        0.0000000000000000     
          34 m=   5.1039204607380067E-007 r=   1.0000000000000000      d=   3.0000000000000000     
   1.5439692848681865        1.3752403259277344E-002  0.43889108300209045     
   132.35587835311890        161.44019722938538        201.36443853378296     
   0.0000000000000000        0.0000000000000000        0.0000000000000000     
          35 m=   3.4987704812040086E-007 r=   1.0000000000000000      d=   3.0000000000000000     
   1.6326795687881845        1.9623900651931762E-002  0.41681128740310669     
   228.04102420806885        171.42278909683228        243.60663414001465     
   0.0000000000000000        0.0000000000000000        0.0000000000000000     
          36 m=   4.6937769295286524E-007 r=   1.0000000000000000      d=   3.0000000000000000     
   1.6937072094965382        4.5561358332633977E-003  0.45443484187126160     
   282.10013151168823        116.64329409599304        240.77769756317139     
   0.0000000000000000        0.0000000000000000        0.0000000000000000     
          37 m=   3.6987625282681023E-007 r=   1.0000000000000000      d=   3.0000000000000000     
   1.7757789666366997        6.5982043743133545E-003  0.40595033764839172     
   321.70035123825073        80.330126881599426        206.08098506927490     
   0.0000000000000000        0.0000000000000000        0.0000000000000000     
          38 m=   8.3931496101249269E-007 r=   1.0000000000000000      d=   3.0000000000000000     
   1.8406653349349371        1.1680409908294678E-002  0.46481531858444214     
   20.370728373527527        228.16794633865356        84.158658385276794     
   0.0000000000000000        0.0000000000000000        0.0000000000000000     
          39 m=   9.4991788392051154E-007 r=   1.0000000000000000      d=   3.0000000000000000     
   1.9882866855231347        1.9224514961242677E-002  0.36009317636489868     
   15.963803976774216        307.51936197280884        51.672976613044739     
   0.0000000000000000        0.0000000000000000        0.0000000000000000     
          40 m=   7.3354398725468963E-007 r=   1.0000000000000000      d=   3.0000000000000000     
   2.1563506946887765        1.3703504800796509E-002  0.30131617188453674     
   64.271156787872314        118.55353116989136        227.30880260467529     
   0.0000000000000000        0.0000000000000000        0.0000000000000000     
          41 m=   5.0751404774320072E-007 r=   1.0000000000000000      d=   3.0000000000000000     
   2.2870082078118483        1.2888519763946534E-002  0.32742831110954285     
   97.658511400222778        286.88038587570190        261.89009428024292     
   0.0000000000000000        0.0000000000000000        0.0000000000000000     
          42 m=   1.1376327362813607E-006 r=   1.0000000000000000      d=   3.0000000000000000     
   2.3778793626765666        4.7945037484169008E-003  0.16012401878833771     
   116.95512771606445        337.44577646255493        81.433920264244080     
   0.0000000000000000        0.0000000000000000        0.0000000000000000     
          43 m=   6.7721998686612764E-007 r=   1.0000000000000000      d=   3.0000000000000000     
   2.5823159647763223        4.2635208368301388E-003  0.44308730959892273     
   352.67744064331055        13.496016114950180        318.59613418579102     
   0.0000000000000000        0.0000000000000000        0.0000000000000000     
          44 m=   2.5496983094763726E-006 r=   1.0000000000000000      d=   1.5000000000000000     
   2.7000000000000002        6.8345999717712401E-003  0.30748260021209717     
   204.72089052200317        326.55047178268433        144.37826871871948     
   0.0000000000000000        0.0000000000000000        0.0000000000000000     
          45 m=   3.2204113752350055E-006 r=   1.0000000000000000      d=   1.5000000000000000     
   2.9320658213307063        8.1415593624114997E-003  0.42265745997428894     
   153.65867972373962        235.33536672592163        345.90999126434326     
   0.0000000000000000        0.0000000000000000        0.0000000000000000     
          46 m=   2.8696683137565550E-006 r=   1.0000000000000000      d=   1.5000000000000000     
   3.2279114348866398        1.4786347150802612E-002  0.49805119633674622     
   194.16667699813843        229.79587554931641        113.51024866104126     
   0.0000000000000000        0.0000000000000000        0.0000000000000000     
          47 m=   4.7412268458727060E-006 r=   1.0000000000000000      d=   1.5000000000000000     
   3.4946739783226355        6.2205964326858525E-003   1.6133204102516174E-002
   147.01036334037781        85.858567357063293        216.24423980712891     
   0.0000000000000000        0.0000000000000000        0.0000000000000000     
          48 m=   5.5553066482749879E-006 r=   1.0000000000000000      d=   1.5000000000000000     
   3.9401435270237570        4.8837900161743169E-003  0.37633469700813293     
   329.47843551635742        42.331582903862000        281.74803256988525     
   0.0000000000000000        0.0000000000000000        0.0000000000000000     
          49 m=   6.4337941630923285E-006 r=   1.0000000000000000      d=   1.5000000000000000     
   4.4714852534043406        4.5816907286643982E-003  0.21286557614803314     
   34.818136096000671        231.38406515121460        271.53572559356689     
   0.0000000000000000        0.0000000000000000        0.0000000000000000     
