)O+_06 Big-body initial data  (WARNING: Do not delete  this line!!)
) Lines beginning with `)` are ignored.
)--------------------------------------------------
style (Cartesian, Asteroidal, Cometary) = Asteroidal
epoch (in days) = 0.
)--------------------------------------------------
           1 m=   4.9241175040849822E-008 r=   1.0000000000000000      d=   3.0000000000000000     
  0.50000000000000000        1.3131164312362671E-002   2.3337433231063187E-004
   266.87857389450073        352.04171419143677        338.19439172744751     
   0.0000000000000000        0.0000000000000000        0.0000000000000000     
           2 m=   9.0069719339353822E-008 r=   1.0000000000000000      d=   3.0000000000000000     
  0.50820848247731487        9.2674756050109865E-003   1.5622049570083618E-002
   89.545226097106934        10.965241938829422        198.14089536666870     
   0.0000000000000000        0.0000000000000000        0.0000000000000000     
           3 m=   1.1377198836683391E-007 r=   1.0000000000000000      d=   3.0000000000000000     
  0.52322799623073402        4.5467188954353335E-003  0.33195415139198303     
   310.91836452484131        15.328140556812286        80.184220075607300     
   0.0000000000000000        0.0000000000000000        0.0000000000000000     
           4 m=   1.4133203530401400E-007 r=   1.0000000000000000      d=   3.0000000000000000     
  0.54221136687724880        7.9530811309814452E-003  0.29342538118362427     
   314.77741956710815        83.619781136512756        117.14323639869690     
   0.0000000000000000        0.0000000000000000        0.0000000000000000     
           5 m=   8.2210388612053789E-008 r=   1.0000000000000000      d=   3.0000000000000000     
  0.56581116930999731        8.7254583835601803E-003  0.35222294926643372     
   64.571194052696228        149.64285492897034        145.39755105972290     
   0.0000000000000000        0.0000000000000000        0.0000000000000000     
           6 m=   6.6337310422021255E-008 r=   1.0000000000000000      d=   3.0000000000000000     
  0.57955172908449737        1.4526245594024658E-002  0.17965425550937653     
   135.67732214927673        306.35787963867188        86.937249898910522     
   0.0000000000000000        0.0000000000000000        0.0000000000000000     
           7 m=   1.5670327961453196E-007 r=   1.0000000000000000      d=   3.0000000000000000     
  0.59064537454118882        2.6733899116516114E-003  0.13354517519474030     
   218.22710037231445        98.165427446365356        151.40425086021423     
   0.0000000000000000        0.0000000000000000        0.0000000000000000     
           8 m=   9.3202291943787019E-008 r=   1.0000000000000000      d=   3.0000000000000000     
  0.61686262993648144        6.4804655313491820E-003  0.33808434009552002     
   355.76406240463257        257.56403446197510        261.16671323776245     
   0.0000000000000000        0.0000000000000000        0.0000000000000000     
           9 m=   9.9890654165922802E-008 r=   1.0000000000000000      d=   3.0000000000000000     
  0.63247220827247153        8.7890076637268076E-003   2.1933658048510551E-002
   71.119437217712402        219.39145803451538        147.96873807907104     
   0.0000000000000000        0.0000000000000000        0.0000000000000000     
          10 m=   1.9507250652826639E-007 r=   1.0000000000000000      d=   3.0000000000000000     
  0.64921240674527980        8.4991562366485592E-003  0.22820146381855011     
   343.34230184555054        226.93831443786621        180.40915489196777     
   0.0000000000000000        0.0000000000000000        0.0000000000000000     
          11 m=   8.5729075803353874E-008 r=   1.0000000000000000      d=   3.0000000000000000     
  0.68192557571267309        4.7049593925476071E-003  0.48250749707221985     
   314.08669710159302        39.580824673175812        335.40289878845215     
   0.0000000000000000        0.0000000000000000        0.0000000000000000     
          12 m=   9.0958969961106945E-008 r=   1.0000000000000000      d=   3.0000000000000000     
  0.69632095063180188        1.1734319925308228E-002   3.2368287444114685E-002
   104.09726142883301        264.78612899780273        58.708459138870239     
   0.0000000000000000        0.0000000000000000        0.0000000000000000     
          13 m=   2.0485734630061229E-007 r=   1.0000000000000000      d=   3.0000000000000000     
  0.71160331131521259        1.2313665151596070E-002  0.27315425872802734     
   331.73835754394531        23.599399924278259        328.38624000549316     
   0.0000000000000000        0.0000000000000000        0.0000000000000000     
          14 m=   2.3270669176912551E-007 r=   1.0000000000000000      d=   3.0000000000000000     
  0.74604321562627929        2.0983392000198365E-003  0.26345762610435486     
   222.44520664215088        239.13210868835449        35.174687504768372     
   0.0000000000000000        0.0000000000000000        0.0000000000000000     
          15 m=   1.8344778679348883E-007 r=   1.0000000000000000      d=   3.0000000000000000     
  0.78521898623819020        1.0056314468383789E-002  0.16606271266937256     
   348.76763820648193        70.588241815567017        77.042967081069946     
   0.0000000000000000        0.0000000000000000        0.0000000000000000     
          16 m=   1.0532804782509133E-007 r=   1.0000000000000000      d=   3.0000000000000000     
  0.81615053780628100        1.4422132074832917E-003  0.38199386000633240     
   172.84323334693909        322.35219240188599        117.46466159820557     
   0.0000000000000000        0.0000000000000000        0.0000000000000000     
          17 m=   2.4209298617525990E-007 r=   1.0000000000000000      d=   3.0000000000000000     
  0.83393212811502149        1.8281766176223756E-002  0.27575445175170898     
   48.331502079963684        124.05884027481079        237.94680833816528     
   0.0000000000000000        0.0000000000000000        0.0000000000000000     
          18 m=   1.3687735958328208E-007 r=   1.0000000000000000      d=   3.0000000000000000     
  0.87483159716695813        4.9825689196586606E-003  0.29685094952583313     
   159.54723358154297        1.7384749464690685        341.66557788848877     
   0.0000000000000000        0.0000000000000000        0.0000000000000000     
          19 m=   2.7424813190049180E-007 r=   1.0000000000000000      d=   3.0000000000000000     
  0.89799367828012422        3.8090372085571290E-003  0.37927907705307007     
   316.45277023315430        91.223366260528564        313.07387351989746     
   0.0000000000000000        0.0000000000000000        0.0000000000000000     
          20 m=   2.3280927687418165E-007 r=   1.0000000000000000      d=   3.0000000000000000     
  0.94444435054714682        1.5406098365783692E-002  0.35638278722763062     
   225.77097415924072        9.6486420929431915        295.35361289978027     
   0.0000000000000000        0.0000000000000000        0.0000000000000000     
          21 m=   1.2803808423760580E-007 r=   1.0000000000000000      d=   3.0000000000000000     
  0.98394966641072334        5.6085908412933354E-003  0.29401814937591553     
   251.23148918151855        288.55118751525879        151.58790707588196     
   0.0000000000000000        0.0000000000000000        0.0000000000000000     
          22 m=   1.3435763854778362E-007 r=   1.0000000000000000      d=   3.0000000000000000     
   1.0057107592453005        5.1759731769561767E-003   2.8830399736762047E-002
   309.08802509307861        150.34273982048035        273.32896471023560     
   0.0000000000000000        0.0000000000000000        0.0000000000000000     
          23 m=   2.8574230724783392E-007 r=   1.0000000000000000      d=   3.0000000000000000     
   1.0285657960668309        2.7981355786323549E-003  0.45905801653862000     
   231.40432119369507        22.364049553871155        133.46659183502197     
   0.0000000000000000        0.0000000000000000        0.0000000000000000     
          24 m=   1.6946943754112770E-007 r=   1.0000000000000000      d=   3.0000000000000000     
   1.0772167256668514        1.2855293750762940E-002  0.49355387687683105     
   301.82595491409302        53.903721570968628        210.02640724182129     
   0.0000000000000000        0.0000000000000000        0.0000000000000000     
          25 m=   3.4674594701156075E-007 r=   1.0000000000000000      d=   3.0000000000000000     
   1.1061270615320316        3.5413059592247012E-003  0.47152975201606750     
   99.123909473419189        327.10871458053589        136.39967322349548     
   0.0000000000000000        0.0000000000000000        0.0000000000000000     
          26 m=   2.2870963461798215E-007 r=   1.0000000000000000      d=   3.0000000000000000     
   1.1653480110664416        1.5077291429042817E-003   2.2846803069114685E-002
   322.40766048431396        259.15653705596924        104.35305833816528     
   0.0000000000000000        0.0000000000000000        0.0000000000000000     
          27 m=   4.2209490708711750E-007 r=   1.0000000000000000      d=   3.0000000000000000     
   1.2045021075209621        3.0545184016227724E-003  0.29528033733367920     
   112.46194481849670        234.65387105941772        220.64209699630737     
   0.0000000000000000        0.0000000000000000        0.0000000000000000     
          28 m=   3.7589204108886377E-007 r=   1.0000000000000000      d=   3.0000000000000000     
   1.2768761839454508        9.2056101560592657E-003  0.29024761915206909     
   335.74557781219482        71.223919987678528        189.08086538314819     
   0.0000000000000000        0.0000000000000000        0.0000000000000000     
          29 m=   3.7536767413715664E-007 r=   1.0000000000000000      d=   3.0000000000000000     
   1.3415149890226687        1.1422737836837768E-002  0.25417160987854004     
   179.27954792976379        247.12352514266968        211.29507064819336     
   0.0000000000000000        0.0000000000000000        0.0000000000000000     
          30 m=   4.0993841122643979E-007 r=   1.0000000000000000      d=   3.0000000000000000     
   1.4062307331936108        1.2180597782135011E-002  0.45114526152610779     
   343.60005140304565        77.727155685424805        297.75152921676636     
   0.0000000000000000        0.0000000000000000        0.0000000000000000     
          31 m=   6.1139661953622299E-007 r=   1.0000000000000000      d=   3.0000000000000000     
   1.4770898804170678        9.3632984161376963E-003  0.43837085366249084     
   135.70411205291748        229.10852193832397        78.907209634780884     
   0.0000000000000000        0.0000000000000000        0.0000000000000000     
          32 m=   7.0274198060571039E-007 r=   1.0000000000000000      d=   3.0000000000000000     
   1.5830716801863012        1.4569568634033204E-002  0.19781893491744995     
   252.38282203674316        123.35204601287842        260.14135837554932     
   0.0000000000000000        0.0000000000000000        0.0000000000000000     
          33 m=   3.6264428548180145E-007 r=   1.0000000000000000      d=   3.0000000000000000     
   1.7054051370239331        1.9671171903610229E-002   8.7034299969673157E-002
   229.46220874786377        257.90677785873413        158.76665711402893     
   0.0000000000000000        0.0000000000000000        0.0000000000000000     
          34 m=   6.7794220555259773E-007 r=   1.0000000000000000      d=   3.0000000000000000     
   1.7688439923005499        1.9720869064331056E-002  0.11999980360269547     
   234.44197654724121        323.60270261764526        178.05385351181030     
   0.0000000000000000        0.0000000000000000        0.0000000000000000     
          35 m=   8.9973031995021481E-007 r=   1.0000000000000000      d=   3.0000000000000000     
   1.8877405325071712        1.8838256597518921E-002  0.48504963517189026     
   12.752350866794586        174.45958614349365        129.31191444396973     
   0.0000000000000000        0.0000000000000000        0.0000000000000000     
          36 m=   4.5964696177995239E-007 r=   1.0000000000000000      d=   3.0000000000000000     
   2.0462861879342298        1.3410412073135376E-002  0.15830558538436890     
   165.25022149085999        359.64680671691895        277.61200189590454     
   0.0000000000000000        0.0000000000000000        0.0000000000000000     
          37 m=   6.1040712484963272E-007 r=   1.0000000000000000      d=   3.0000000000000000     
   2.1277980104627177        2.2335906326770784E-003  0.28901815414428711     
   261.68461561203003        99.092001914978027        88.029348850250244     
   0.0000000000000000        0.0000000000000000        0.0000000000000000     
          38 m=   7.5086551842735824E-007 r=   1.0000000000000000      d=   3.0000000000000000     
   2.2363985066272645        5.7687664031982420E-003   9.3805842101573944E-002
   116.94915175437927        341.20981693267822        95.742609500885010     
   0.0000000000000000        0.0000000000000000        0.0000000000000000     
          39 m=   1.1655136215139676E-006 r=   1.0000000000000000      d=   3.0000000000000000     
   2.3705702182266442        3.5716927051544188E-003  0.32783076167106628     
   237.47210025787354        301.48512125015259        125.30677556991577     
   0.0000000000000000        0.0000000000000000        0.0000000000000000     
          40 m=   1.3702903040576116E-006 r=   1.0000000000000000      d=   3.0000000000000000     
   2.5799558872651733        5.7582348585128789E-003  0.15620122849941254     
   189.49710130691528        73.564876914024353        12.775623053312302     
   0.0000000000000000        0.0000000000000000        0.0000000000000000     
          41 m=   4.0688974343939405E-006 r=   1.0000000000000000      d=   1.5000000000000000     
   2.7000000000000002        1.9954878091812133E-002  0.21396321058273315     
   24.886133372783661        64.385762214660645        287.28878974914551     
   0.0000000000000000        0.0000000000000000        0.0000000000000000     
          42 m=   3.7845941480932182E-006 r=   1.0000000000000000      d=   1.5000000000000000     
   3.0703387265519080        9.3954557180404661E-003  0.28992813825607300     
   101.11288547515869        251.73677444458008        233.71604204177856     
   0.0000000000000000        0.0000000000000000        0.0000000000000000     
          43 m=   3.5831196932811775E-006 r=   1.0000000000000000      d=   1.5000000000000000     
   3.4199417198131612        1.8494230508804322E-003   9.9047198891639709E-002
   168.71672987937927        141.20405673980713        205.89314460754395     
   0.0000000000000000        0.0000000000000000        0.0000000000000000     
          44 m=   5.9595491716845627E-006 r=   1.0000000000000000      d=   1.5000000000000000     
   3.7555945943167113        1.7086501121520995E-002  0.43663999438285828     
   319.22149658203125        94.258189201354980        153.90281438827515     
   0.0000000000000000        0.0000000000000000        0.0000000000000000     
          45 m=   5.8436791820530816E-006 r=   1.0000000000000000      d=   1.5000000000000000     
   4.3214081525660957        2.3974727094173433E-003  0.37310418486595154     
   96.350762844085693        295.93251943588257        244.66653585433960     
   0.0000000000000000        0.0000000000000000        0.0000000000000000     
          46 m=   5.7608259490049966E-006 r=   1.0000000000000000      d=   1.5000000000000000     
   4.8889207364774681        8.8736712932586670E-003  0.16755650937557220     
   270.95490932464600        142.62340664863586        116.47292017936707     
   0.0000000000000000        0.0000000000000000        0.0000000000000000     
