)O+_06 Big-body initial data  (WARNING: Do not delete  this line!!)
) Lines beginning with `)` are ignored.
)--------------------------------------------------
style (Cartesian, Asteroidal, Cometary) = Asteroidal
epoch (in days) = 0.
)--------------------------------------------------
           1 m=   1.2404419516455014E-007 r=   1.0000000000000000      d=   3.0000000000000000     
  0.50000000000000000        1.8291453123092653E-002   1.2073939666152000E-002
   345.33597707748413        317.62807130813599        271.00016355514526     
   0.0000000000000000        0.0000000000000000        0.0000000000000000     
           2 m=   1.2452157579656283E-007 r=   1.0000000000000000      d=   3.0000000000000000     
  0.52067811341983894        1.4798467159271241E-002   5.4976064711809158E-002
   225.72265148162842        215.95868110656738        140.23676633834839     
   0.0000000000000000        0.0000000000000000        0.0000000000000000     
           3 m=   7.1889361100492944E-008 r=   1.0000000000000000      d=   3.0000000000000000     
  0.54145298228288430        7.4670928716659545E-003  0.16235089302062988     
   262.32879638671875        31.105180978775024        123.93790483474731     
   0.0000000000000000        0.0000000000000000        0.0000000000000000     
           4 m=   1.0015983068431511E-007 r=   1.0000000000000000      d=   3.0000000000000000     
  0.55345679479343246        8.6767238378524774E-003  0.13758671283721924     
   10.273943468928337        104.01430606842041        91.500148773193359     
   0.0000000000000000        0.0000000000000000        0.0000000000000000     
           5 m=   1.2972569531030439E-007 r=   1.0000000000000000      d=   3.0000000000000000     
  0.57018913510211044        1.6676090955734253E-002  0.46102327108383179     
   162.98371195793152        265.43490171432495        151.28851890563965     
   0.0000000000000000        0.0000000000000000        0.0000000000000000     
           6 m=   1.3964955038709302E-007 r=   1.0000000000000000      d=   3.0000000000000000     
  0.59187515164741378        7.9963177442550666E-004  0.10651476681232452     
   250.51083326339722        4.3446663022041321        91.932027339935303     
   0.0000000000000000        0.0000000000000000        0.0000000000000000     
           7 m=   1.7636714093565630E-007 r=   1.0000000000000000      d=   3.0000000000000000     
  0.61524038077053067        1.1484670639038087E-002  0.19237875938415527     
  0.69393315352499485        276.36144876480103        30.755943953990936     
   0.0000000000000000        0.0000000000000000        0.0000000000000000     
           8 m=   1.7217138557668177E-007 r=   1.0000000000000000      d=   3.0000000000000000     
  0.64477654353597036        1.2535091638565064E-002  0.43890431523323059     
   314.23572063446045        89.533933997154236        68.994623422622681     
   0.0000000000000000        0.0000000000000000        0.0000000000000000     
           9 m=   1.1071470638726689E-007 r=   1.0000000000000000      d=   3.0000000000000000     
  0.67364412952815367        3.4189078211784366E-003  0.25423824787139893     
   321.14303112030029        282.11807012557983        8.2844699174165726     
   0.0000000000000000        0.0000000000000000        0.0000000000000000     
          10 m=   1.7232495122678207E-007 r=   1.0000000000000000      d=   3.0000000000000000     
  0.69222886088067570        1.0343575477600097E-002  0.39696243405342102     
   108.48296284675598        168.82924318313599        311.96056365966797     
   0.0000000000000000        0.0000000000000000        0.0000000000000000     
          11 m=   2.2757227015496004E-007 r=   1.0000000000000000      d=   3.0000000000000000     
  0.72117708918427270        1.6788060665130614E-002  0.16782255470752716     
   288.46570014953613        309.72784996032715        173.07549118995667     
   0.0000000000000000        0.0000000000000000        0.0000000000000000     
          12 m=   1.1589475911410103E-007 r=   1.0000000000000000      d=   3.0000000000000000     
  0.75945040146447773        1.7747504711151125E-002  0.48084867000579834     
   263.66917133331299        352.16041803359985        77.612367868423462     
   0.0000000000000000        0.0000000000000000        0.0000000000000000     
          13 m=   1.2613233270719021E-007 r=   1.0000000000000000      d=   3.0000000000000000     
  0.77897155061805723        1.8537324666976929E-002   4.1549213230609894E-002
   11.780020594596863        17.990133762359619        261.45770072937012     
   0.0000000000000000        0.0000000000000000        0.0000000000000000     
          14 m=   2.0100398097216737E-007 r=   1.0000000000000000      d=   3.0000000000000000     
  0.80023369815621836        4.1012537479400632E-003  0.22194318473339081     
   197.36103773117065        26.359567344188690        4.7169451788067818     
   0.0000000000000000        0.0000000000000000        0.0000000000000000     
          15 m=   1.6759591156538198E-007 r=   1.0000000000000000      d=   3.0000000000000000     
  0.83414580094521629        1.9044229984283449E-002  0.39050528407096863     
   186.14547729492188        220.81663370132446        249.65958595275879     
   0.0000000000000000        0.0000000000000000        0.0000000000000000     
          16 m=   1.1626289762529436E-007 r=   1.0000000000000000      d=   3.0000000000000000     
  0.86245989005773727        2.4049854278564453E-003  0.48241308331489563     
   227.02588319778442        220.60770034790039        287.24302053451538     
   0.0000000000000000        0.0000000000000000        0.0000000000000000     
          17 m=   2.6482756541654849E-007 r=   1.0000000000000000      d=   3.0000000000000000     
  0.88212390444947064        4.0285196155309677E-004  0.14790414273738861     
   348.69405984878540        118.52744936943054        310.15391349792480     
   0.0000000000000000        0.0000000000000000        0.0000000000000000     
          18 m=   1.6170740512835468E-007 r=   1.0000000000000000      d=   3.0000000000000000     
  0.92695050732207640        6.1669595539569854E-004  0.42813876271247864     
   259.22651052474976        269.63770866394043        268.49729776382446     
   0.0000000000000000        0.0000000000000000        0.0000000000000000     
          19 m=   1.8236340504230865E-007 r=   1.0000000000000000      d=   3.0000000000000000     
  0.95437137958381535        4.7026198357343676E-004  0.16432678699493408     
   338.54192018508911        159.69027042388916        194.70876216888428     
   0.0000000000000000        0.0000000000000000        0.0000000000000000     
          20 m=   1.5093346388317521E-007 r=   1.0000000000000000      d=   3.0000000000000000     
  0.98532884521521391        1.4878050088882447E-002  0.18692478537559509     
   129.76519703865051        268.65576267242432        333.54434251785278     
   0.0000000000000000        0.0000000000000000        0.0000000000000000     
          21 m=   3.0369915107222998E-007 r=   1.0000000000000000      d=   3.0000000000000000     
   1.0109826054945210        8.4677554666996008E-004  0.10295419394969940     
   106.91947102546692        49.607128500938416        358.99533033370972     
   0.0000000000000000        0.0000000000000000        0.0000000000000000     
          22 m=   3.7262422065173835E-007 r=   1.0000000000000000      d=   3.0000000000000000     
   1.0626545401671568        2.5018003582954408E-003  0.47214913368225098     
   333.77743721008301        356.01451635360718        124.52578067779541     
   0.0000000000000000        0.0000000000000000        0.0000000000000000     
          23 m=   4.2052327986081369E-007 r=   1.0000000000000000      d=   3.0000000000000000     
   1.1261846869401648        2.2546078264713289E-003  0.19420804083347321     
   83.200492858886719        171.29356026649475        79.371725320816040     
   0.0000000000000000        0.0000000000000000        0.0000000000000000     
          24 m=   3.3209563748671531E-007 r=   1.0000000000000000      d=   3.0000000000000000     
   1.1980637574839412        5.4701387882232664E-003   6.2057599425315857E-002
   24.331278204917908        18.078342229127884        271.44304990768433     
   0.0000000000000000        0.0000000000000000        0.0000000000000000     
          25 m=   3.2980592955879713E-007 r=   1.0000000000000000      d=   3.0000000000000000     
   1.2549915374260250        1.7510402202606200E-002   2.9918389394879341E-002
   67.372187376022339        18.254307210445404        214.90071058273315     
   0.0000000000000000        0.0000000000000000        0.0000000000000000     
          26 m=   2.6764417878834394E-007 r=   1.0000000000000000      d=   3.0000000000000000     
   1.3116556998106550        1.9375504255294801E-002  0.13117523491382599     
   175.47278523445129        57.618591785430908        145.75121641159058     
   0.0000000000000000        0.0000000000000000        0.0000000000000000     
          27 m=   3.2870788857719541E-007 r=   1.0000000000000000      d=   3.0000000000000000     
   1.3577441572961464        1.2897882461547851E-002  0.11072318255901337     
   130.21086215972900        34.398880004882812        40.105665922164917     
   0.0000000000000000        0.0000000000000000        0.0000000000000000     
          28 m=   6.0042051420489164E-007 r=   1.0000000000000000      d=   3.0000000000000000     
   1.4144522625018661        8.8260191679000854E-003  0.25880858302116394     
   11.522452086210251        151.30512714385986        168.64252924919128     
   0.0000000000000000        0.0000000000000000        0.0000000000000000     
          29 m=   2.9475826455659009E-007 r=   1.0000000000000000      d=   3.0000000000000000     
   1.5182709782891615        3.7518706917762756E-003   3.7971064448356628E-002
   99.316556453704834        148.41527223587036        256.33337259292603     
   0.0000000000000000        0.0000000000000000        0.0000000000000000     
          30 m=   2.4898325846481633E-007 r=   1.0000000000000000      d=   3.0000000000000000     
   1.5694497238882712        1.7165777683258058E-002  0.13605970144271851     
   340.37318229675293        354.52011823654175        310.84326267242432     
   0.0000000000000000        0.0000000000000000        0.0000000000000000     
          31 m=   6.1993027062519385E-007 r=   1.0000000000000000      d=   3.0000000000000000     
   1.6127691663384105        1.5552183389663696E-002  0.25348731875419617     
   103.27201008796692        206.96538448333740        76.998297572135925     
   0.0000000000000000        0.0000000000000000        0.0000000000000000     
          32 m=   6.4883057096630214E-007 r=   1.0000000000000000      d=   3.0000000000000000     
   1.7208150164506828        9.2208397388458246E-003  0.15762944519519806     
   309.34663295745850        216.71261787414551        194.61226701736450     
   0.0000000000000000        0.0000000000000000        0.0000000000000000     
          33 m=   3.4987275670868625E-007 r=   1.0000000000000000      d=   3.0000000000000000     
   1.8343875988536218        1.4821896553039551E-002  0.46969902515411377     
   92.620142698287964        44.882350265979767        259.19234991073608     
   0.0000000000000000        0.0000000000000000        0.0000000000000000     
          34 m=   7.4662932658825395E-007 r=   1.0000000000000000      d=   3.0000000000000000     
   1.8959088673078328        2.3808747529983523E-003  0.45428353548049927     
   336.64688587188721        195.52095651626587        194.19957160949707     
   0.0000000000000000        0.0000000000000000        0.0000000000000000     
          35 m=   8.8697718102324720E-007 r=   1.0000000000000000      d=   3.0000000000000000     
   2.0275188804976221        1.3671336174011230E-002  0.44415423274040222     
   298.04629325866699        27.213172316551208        57.019858360290527     
   0.0000000000000000        0.0000000000000000        0.0000000000000000     
          36 m=   6.1848947457347902E-007 r=   1.0000000000000000      d=   3.0000000000000000     
   2.1846935787829858        1.8041028976440429E-002  0.17195697128772736     
   296.28901720046997        26.992638409137726        104.19252276420593     
   0.0000000000000000        0.0000000000000000        0.0000000000000000     
          37 m=   4.4606216928502060E-007 r=   1.0000000000000000      d=   3.0000000000000000     
   2.2949827582649007        1.3284643888473511E-002  0.15788541734218597     
   12.335153371095657        339.69069957733154        258.74613761901855     
   0.0000000000000000        0.0000000000000000        0.0000000000000000     
          38 m=   8.7913815271102676E-007 r=   1.0000000000000000      d=   3.0000000000000000     
   2.3748763422613335        1.2645132541656494E-002  0.40403196215629578     
   100.23541688919067        19.772882759571075        14.169121831655502     
   0.0000000000000000        0.0000000000000000        0.0000000000000000     
          39 m=   1.1267208519755618E-006 r=   1.0000000000000000      d=   3.0000000000000000     
   2.5328415828928357        1.0541847944259644E-002  0.35831335186958313     
   290.45171499252319        151.90030932426453        199.07471179962158     
   0.0000000000000000        0.0000000000000000        0.0000000000000000     
          40 m=   2.0593298006407436E-006 r=   1.0000000000000000      d=   1.5000000000000000     
   2.7000000000000002        1.7425179481506349E-003  0.33820760250091553     
   178.12023282051086        302.01995372772217        127.00385212898254     
   0.0000000000000000        0.0000000000000000        0.0000000000000000     
          41 m=   1.6787044100453775E-006 r=   1.0000000000000000      d=   1.5000000000000000     
   2.8874339641675641        7.2361451387405393E-003  0.15794162452220917     
   293.22460412979126        222.59991645812988        334.86688613891602     
   0.0000000000000000        0.0000000000000000        0.0000000000000000     
          42 m=   2.5368554209494429E-006 r=   1.0000000000000000      d=   1.5000000000000000     
   3.0413743883900159        1.5584033727645875E-002  0.41508424282073975     
   297.17069149017334        299.01675939559937        52.227941751480103     
   0.0000000000000000        0.0000000000000000        0.0000000000000000     
          43 m=   1.9527755271047450E-006 r=   1.0000000000000000      d=   1.5000000000000000     
   3.2754458050585193        8.7566897273063662E-004  0.28492754697799683     
   68.748986721038818        216.16240024566650        298.37614059448242     
   0.0000000000000000        0.0000000000000000        0.0000000000000000     
          44 m=   3.5459017929720918E-006 r=   1.0000000000000000      d=   1.5000000000000000     
   3.4573200600972980        4.7604101896286015E-003  0.13072018325328827     
   214.85573530197144        166.67592287063599        174.57731366157532     
   0.0000000000000000        0.0000000000000000        0.0000000000000000     
          45 m=   2.9306347495127701E-006 r=   1.0000000000000000      d=   1.5000000000000000     
   3.7899835094835619        1.6006987094879150E-002   2.1857907995581627E-003
   321.06953859329224        185.12670993804932        162.19094753265381     
   0.0000000000000000        0.0000000000000000        0.0000000000000000     
          46 m=   5.4188501527822480E-006 r=   1.0000000000000000      d=   1.5000000000000000     
   4.0686078374956427        1.1583437919616699E-002  0.46559089422225952     
   131.78101658821106        229.36515569686890        177.82438516616821     
   0.0000000000000000        0.0000000000000000        0.0000000000000000     
          47 m=   6.3645415343412068E-006 r=   1.0000000000000000      d=   1.5000000000000000     
   4.5895682001023106        8.6734765768051152E-003  0.23790533840656281     
   287.72229909896851        358.07453870773315        69.505868554115295     
   0.0000000000000000        0.0000000000000000        0.0000000000000000     
