)O+_06 Big-body initial data  (WARNING: Do not delete  this line!!)
) Lines beginning with `)` are ignored.
)--------------------------------------------------
style (Cartesian, Asteroidal, Cometary) = Asteroidal
epoch (in days) = 0.
)--------------------------------------------------
           1 m=   1.3394063393514180E-007 r=   1.0000000000000000      d=   3.0000000000000000     
  0.50000000000000000        5.8550196886062627E-003   3.9297215640544891E-002
   217.41261005401611        245.55087089538574        104.95784282684326     
   0.0000000000000000        0.0000000000000000        0.0000000000000000     
           2 m=   8.9527399948923450E-008 r=   1.0000000000000000      d=   3.0000000000000000     
  0.52232784546154654        1.0730232000350953E-002   9.2747196555137634E-002
   133.12153100967407        303.50566148757935        272.31028318405151     
   0.0000000000000000        0.0000000000000000        0.0000000000000000     
           3 m=   7.8968236017507726E-008 r=   1.0000000000000000      d=   3.0000000000000000     
  0.53726535906530271        7.4013644456863408E-003  0.23867598176002502     
   32.188790738582611        236.03859901428223        205.34530878067017     
   0.0000000000000000        0.0000000000000000        0.0000000000000000     
           4 m=   1.1225746147657964E-007 r=   1.0000000000000000      d=   3.0000000000000000     
  0.55044896672263643        3.7781617045402529E-003   7.3728851974010468E-002
   99.843760728836060        91.644601821899414        103.48055720329285     
   0.0000000000000000        0.0000000000000000        0.0000000000000000     
           5 m=   9.3609186216563218E-008 r=   1.0000000000000000      d=   3.0000000000000000     
  0.56920003749245673        1.7959573268890382E-002   7.2219893336296082E-003
   262.31075048446655        175.74171423912048        127.66844987869263     
   0.0000000000000000        0.0000000000000000        0.0000000000000000     
           6 m=   1.6441526341879025E-007 r=   1.0000000000000000      d=   3.0000000000000000     
  0.58484790156967059        1.0468074083328248E-002  0.18332779407501221     
   355.19659280776978        350.40687561035156        117.84613609313965     
   0.0000000000000000        0.0000000000000000        0.0000000000000000     
           7 m=   1.6031189151748479E-007 r=   1.0000000000000000      d=   3.0000000000000000     
  0.61234903284279563        1.8635162115097047E-002  0.39284583926200867     
   37.151695489883423        228.13359260559082        80.572614669799805     
   0.0000000000000000        0.0000000000000000        0.0000000000000000     
           8 m=   7.4595232033694026E-008 r=   1.0000000000000000      d=   3.0000000000000000     
  0.63919332201460355        1.8501778841018678E-002  0.15664319694042206     
   30.503773391246796        166.17045521736145        335.29511690139771     
   0.0000000000000000        0.0000000000000000        0.0000000000000000     
           9 m=   1.9383168800697547E-007 r=   1.0000000000000000      d=   3.0000000000000000     
  0.65169774258930080        3.1085500121116640E-003  0.36561280488967896     
   311.05288267135620        164.58029150962830        128.50426912307739     
   0.0000000000000000        0.0000000000000000        0.0000000000000000     
          10 m=   1.0053046406096073E-007 r=   1.0000000000000000      d=   3.0000000000000000     
  0.68420606101279480        1.3061717748641968E-002   2.5435835123062134E-002
   138.08198690414429        195.29829025268555        236.70925855636597     
   0.0000000000000000        0.0000000000000000        0.0000000000000000     
          11 m=   1.7793958159627197E-007 r=   1.0000000000000000      d=   3.0000000000000000     
  0.70108838155277597        1.5259721279144288E-002  0.47960573434829712     
   167.76657342910767        195.93324422836304        177.83867597579956     
   0.0000000000000000        0.0000000000000000        0.0000000000000000     
          12 m=   1.2446060994263997E-007 r=   1.0000000000000000      d=   3.0000000000000000     
  0.73099038557114626        6.1826646327972417E-003  0.37403163313865662     
   41.309151649475098        241.27274751663208        318.24841260910034     
   0.0000000000000000        0.0000000000000000        0.0000000000000000     
          13 m=   1.8520170218266466E-007 r=   1.0000000000000000      d=   3.0000000000000000     
  0.75193050269512307        3.4162732958793640E-003   2.0120035856962204E-002
   230.65484762191772        61.568681001663208        78.042395710945129     
   0.0000000000000000        0.0000000000000000        0.0000000000000000     
          14 m=   1.4809901406154788E-007 r=   1.0000000000000000      d=   3.0000000000000000     
  0.78311623326926283        1.3338251113891602E-002  0.29057312011718750     
   98.321907520294189        358.44150781631470        327.13532209396362     
   0.0000000000000000        0.0000000000000000        0.0000000000000000     
          15 m=   2.3831901412136310E-007 r=   1.0000000000000000      d=   3.0000000000000000     
  0.80808544703922280        1.0998294353485108E-002   4.2030319571495056E-002
   352.29693174362183        122.75463223457336        118.77487778663635     
   0.0000000000000000        0.0000000000000000        0.0000000000000000     
          16 m=   2.4247835492848670E-007 r=   1.0000000000000000      d=   3.0000000000000000     
  0.84830573294910228        6.8561387062072753E-003   8.9841157197952271E-002
   308.53819370269775        286.27815485000610        114.65166807174683     
   0.0000000000000000        0.0000000000000000        0.0000000000000000     
          17 m=   1.9485008422211500E-007 r=   1.0000000000000000      d=   3.0000000000000000     
  0.88929386575958602        7.6252412796020512E-003  0.28824290633201599     
   115.89782238006592        232.70240306854248        191.80427312850952     
   0.0000000000000000        0.0000000000000000        0.0000000000000000     
          18 m=   2.2440291035233269E-007 r=   1.0000000000000000      d=   3.0000000000000000     
  0.92228504144157075        1.8799418210983278E-002  0.39450925588607788     
  0.56182631291449070        322.80037879943848        6.2195605784654617     
   0.0000000000000000        0.0000000000000000        0.0000000000000000     
          19 m=   1.2653830433725727E-007 r=   1.0000000000000000      d=   3.0000000000000000     
  0.96033014715180187        1.8488681316375735E-002   9.5802985131740570E-002
   354.35899257659912        351.45834445953369        166.98073983192444     
   0.0000000000000000        0.0000000000000000        0.0000000000000000     
          20 m=   2.2030729831452426E-007 r=   1.0000000000000000      d=   3.0000000000000000     
  0.98181603139704288        1.8144966363906861E-002  0.45722046494483948     
   120.60377955436707        72.806975841522217        273.60609054565430     
   0.0000000000000000        0.0000000000000000        0.0000000000000000     
          21 m=   1.6052120657647079E-007 r=   1.0000000000000000      d=   3.0000000000000000     
   1.0192558170672412        8.9274311065673830E-003  0.48261868953704834     
   231.70296907424927        156.02904438972473        114.82213854789734     
   0.0000000000000000        0.0000000000000000        0.0000000000000000     
          22 m=   2.1437360570976343E-007 r=   1.0000000000000000      d=   3.0000000000000000     
   1.0465762313372045        1.2180261611938477E-002  0.32492291927337646     
   342.99631834030151        40.930123329162598        73.990398645401001     
   0.0000000000000000        0.0000000000000000        0.0000000000000000     
          23 m=   3.1386770203255303E-007 r=   1.0000000000000000      d=   3.0000000000000000     
   1.0831021192347241        1.5111966133117676E-002  0.44690403342247009     
   270.08454322814941        197.84286975860596        204.19296741485596     
   0.0000000000000000        0.0000000000000000        0.0000000000000000     
          24 m=   4.0818965746379583E-007 r=   1.0000000000000000      d=   3.0000000000000000     
   1.1366584255130914        1.9605258703231813E-002  0.24496969580650330     
   320.75299501419067        177.64409780502319        236.62102460861206     
   0.0000000000000000        0.0000000000000000        0.0000000000000000     
          25 m=   4.4840888044251250E-007 r=   1.0000000000000000      d=   3.0000000000000000     
   1.2064585751539361        9.6846170723438260E-004  0.26205760240554810     
   80.072618722915649        306.41461372375488        344.28113937377930     
   0.0000000000000000        0.0000000000000000        0.0000000000000000     
          26 m=   5.1975818155487065E-007 r=   1.0000000000000000      d=   3.0000000000000000     
   1.2833505676436432        1.9023973941802979E-002   9.1207452118396759E-002
   235.63963651657104        232.72686481475830        57.333853840827942     
   0.0000000000000000        0.0000000000000000        0.0000000000000000     
          27 m=   4.7130580816401204E-007 r=   1.0000000000000000      d=   3.0000000000000000     
   1.3727519007813394        7.4234682321548465E-003   7.0510432124137878E-002
   120.81321716308594        117.15615391731262        90.110903978347778     
   0.0000000000000000        0.0000000000000000        0.0000000000000000     
          28 m=   2.2935108001291439E-007 r=   1.0000000000000000      d=   3.0000000000000000     
   1.4541095727250462        5.2295964956283573E-003   9.5144271850585938E-002
   128.05467724800110        184.84977722167969        10.034760162234306     
   0.0000000000000000        0.0000000000000000        0.0000000000000000     
          29 m=   3.3383759827593078E-007 r=   1.0000000000000000      d=   3.0000000000000000     
   1.4938296274297043        6.8243318796157842E-003   9.6982389688491821E-002
   124.99223828315735        250.38835287094116        91.891139745712280     
   0.0000000000000000        0.0000000000000000        0.0000000000000000     
          30 m=   6.4729975851848189E-007 r=   1.0000000000000000      d=   3.0000000000000000     
   1.5517370591408464        1.7586578130722046E-002  0.43579414486885071     
   96.590530872344971        46.982898116111755        3.9955362305045128     
   0.0000000000000000        0.0000000000000000        0.0000000000000000     
          31 m=   5.7790420547588578E-007 r=   1.0000000000000000      d=   3.0000000000000000     
   1.6642779779580703        1.5510157346725464E-002  0.45318409800529480     
   258.04215431213379        221.39139890670776        68.729465603828430     
   0.0000000000000000        0.0000000000000000        0.0000000000000000     
          32 m=   7.7121393274063540E-007 r=   1.0000000000000000      d=   3.0000000000000000     
   1.7652069621844282        1.1161595582962036E-002  0.27112457156181335     
   107.71857619285583        183.33321332931519        169.32521581649780     
   0.0000000000000000        0.0000000000000000        0.0000000000000000     
          33 m=   6.1113365738376350E-007 r=   1.0000000000000000      d=   3.0000000000000000     
   1.9004416897623666        4.4564688205718994E-003  0.16219179332256317     
   4.9554203823208809        223.48605394363403        93.400536775588989     
   0.0000000000000000        0.0000000000000000        0.0000000000000000     
          34 m=   3.9194208875670774E-007 r=   1.0000000000000000      d=   3.0000000000000000     
   2.0081871136294303        1.0333372354507446E-002  0.20254057645797729     
   204.74028825759888        205.69667816162109        252.17146396636963     
   0.0000000000000000        0.0000000000000000        0.0000000000000000     
          35 m=   4.2999982953356461E-007 r=   1.0000000000000000      d=   3.0000000000000000     
   2.0775866012248598        1.1823368072509766E-002  0.30088511109352112     
   101.70120120048523        76.773785948753357        97.911733388900757     
   0.0000000000000000        0.0000000000000000        0.0000000000000000     
          36 m=   5.7235335641203696E-007 r=   1.0000000000000000      d=   3.0000000000000000     
   2.1539364598335005        1.1492525339126588E-002  0.38310533761978149     
   329.59068059921265        240.48276185989380        336.61201715469360     
   0.0000000000000000        0.0000000000000000        0.0000000000000000     
          37 m=   6.4082175989840393E-007 r=   1.0000000000000000      d=   3.0000000000000000     
   2.2558731482205605        1.9555583000183105E-002  0.41651099920272827     
   111.78091049194336        83.213737607002258        282.55454063415527     
   0.0000000000000000        0.0000000000000000        0.0000000000000000     
          38 m=   1.1389428646972302E-006 r=   1.0000000000000000      d=   3.0000000000000000     
   2.3704704411365043        3.0124697089195253E-003  0.31980893015861511     
   133.22240352630615        263.08938503265381        95.970640182495117     
   0.0000000000000000        0.0000000000000000        0.0000000000000000     
          39 m=   1.2557261248023943E-006 r=   1.0000000000000000      d=   3.0000000000000000     
   2.5750818309429357        1.8162329196929932E-002  0.47491589188575745     
   343.38734149932861        101.06505632400513        315.14518260955811     
   0.0000000000000000        0.0000000000000000        0.0000000000000000     
          40 m=   2.0557213328519313E-006 r=   1.0000000000000000      d=   1.5000000000000000     
   2.7000000000000002        4.8578494787216188E-003  0.19898042082786560     
   47.856847643852234        182.51243591308594        109.74865436553955     
   0.0000000000000000        0.0000000000000000        0.0000000000000000     
          41 m=   3.8355447255637067E-006 r=   1.0000000000000000      d=   1.5000000000000000     
   2.8871055323534773        1.0876959562301636E-002  0.49675273895263672     
   183.58757257461548        99.125550985336304        272.13336467742920     
   0.0000000000000000        0.0000000000000000        0.0000000000000000     
          42 m=   2.9039152703627617E-006 r=   1.0000000000000000      d=   1.5000000000000000     
   3.2388277425611314        6.1891384422779088E-004  0.25193935632705688     
   207.72318363189697        213.29104185104370        37.522591352462769     
   0.0000000000000000        0.0000000000000000        0.0000000000000000     
          43 m=   2.1576263452639059E-006 r=   1.0000000000000000      d=   1.5000000000000000     
   3.5088917596611520        1.9284719228744508E-002  0.22048701345920563     
   53.139141798019409        169.64181303977966        73.721142411231995     
   0.0000000000000000        0.0000000000000000        0.0000000000000000     
          44 m=   5.7492263304862972E-006 r=   1.0000000000000000      d=   1.5000000000000000     
   3.7117303163734845        6.2113333493471143E-004   5.6152522563934326E-002
   75.678656101226807        310.72316408157349        353.44871520996094     
   0.0000000000000000        0.0000000000000000        0.0000000000000000     
          45 m=   3.5064318639302726E-006 r=   1.0000000000000000      d=   1.5000000000000000     
   4.2566184472187780        7.5397413969039923E-003  0.47881814837455750     
   40.736990869045258        235.87957620620728        149.26380515098572     
   0.0000000000000000        0.0000000000000000        0.0000000000000000     
          46 m=   8.0557812503020219E-006 r=   1.0000000000000000      d=   1.5000000000000000     
   4.5962664166591667        3.0311518907546998E-003  0.30085426568984985     
   65.697180032730103        23.549065589904785        128.10996294021606     
   0.0000000000000000        0.0000000000000000        0.0000000000000000     
