)O+_06 Big-body initial data  (WARNING: Do not delete  this line!!)
) Lines beginning with `)` are ignored.
)--------------------------------------------------
style (Cartesian, Asteroidal, Cometary) = Asteroidal
epoch (in days) = 0.
)--------------------------------------------------
           1 m=   4.7782501721845853E-008 r=   1.0000000000000000      d=   3.0000000000000000     
  0.50000000000000000        1.0626235008239747E-002   6.0101300477981567E-002
   113.16347122192383        300.96863508224487        42.434005737304688     
   0.0000000000000000        0.0000000000000000        0.0000000000000000     
           2 m=   1.0901480259132073E-007 r=   1.0000000000000000      d=   3.0000000000000000     
  0.50796532226902902        1.4528247117996216E-002  0.40174144506454468     
   113.46470475196838        351.46029710769653        306.93620681762695     
   0.0000000000000000        0.0000000000000000        0.0000000000000000     
           3 m=   9.8662538221211396E-008 r=   1.0000000000000000      d=   3.0000000000000000     
  0.52614383346463944        1.7773575782775879E-002   9.6271708607673645E-002
   338.73315095901489        119.41807150840759        239.85255002975464     
   0.0000000000000000        0.0000000000000000        0.0000000000000000     
           4 m=   9.4239626695045149E-008 r=   1.0000000000000000      d=   3.0000000000000000     
  0.54260804420766773        7.2595852613449099E-003  0.42354080080986023     
   91.302437782287598        199.09265041351318        299.72565650939941     
   0.0000000000000000        0.0000000000000000        0.0000000000000000     
           5 m=   1.0380427352118304E-007 r=   1.0000000000000000      d=   3.0000000000000000     
  0.55834454623872165        4.7724109888076785E-003  0.43914315104484558     
   99.352519512176514        21.904718577861786        101.29440665245056     
   0.0000000000000000        0.0000000000000000        0.0000000000000000     
           6 m=   6.0709153453611187E-008 r=   1.0000000000000000      d=   3.0000000000000000     
  0.57568910473625001        1.3020884990692139E-002  0.40127331018447876     
   352.75771379470825        330.00404119491577        171.04996204376221     
   0.0000000000000000        0.0000000000000000        0.0000000000000000     
           7 m=   1.6409355749121576E-007 r=   1.0000000000000000      d=   3.0000000000000000     
  0.58583998018228256        1.5208876132965088E-002   4.7447844408452511E-003
   77.168977260589600        162.98271417617798        352.02617883682251     
   0.0000000000000000        0.0000000000000000        0.0000000000000000     
           8 m=   1.2604613332015743E-007 r=   1.0000000000000000      d=   3.0000000000000000     
  0.61328839011575975        1.7196359634399413E-002  0.35033398866653442     
   276.04239463806152        179.94824409484863        85.165779590606689     
   0.0000000000000000        0.0000000000000000        0.0000000000000000     
           9 m=   7.9668536939237468E-008 r=   1.0000000000000000      d=   3.0000000000000000     
  0.63439565770066730        1.7778515815734863E-002  0.30104914307594299     
   211.57466411590576        333.88755798339844        22.189870923757553     
   0.0000000000000000        0.0000000000000000        0.0000000000000000     
          10 m=   1.7202453915643518E-007 r=   1.0000000000000000      d=   3.0000000000000000     
  0.64774795522174911        1.5134450197219849E-002   7.8917006030678749E-003
   172.86484122276306        32.613333463668823        84.317606091499329     
   0.0000000000000000        0.0000000000000000        0.0000000000000000     
          11 m=   1.7120271813224930E-007 r=   1.0000000000000000      d=   3.0000000000000000     
  0.67659434818409725        1.9652754068374634E-002  0.46965143084526062     
   40.256266593933105        81.012121438980103        61.985549926757812     
   0.0000000000000000        0.0000000000000000        0.0000000000000000     
          12 m=   8.3474936141696175E-008 r=   1.0000000000000000      d=   3.0000000000000000     
  0.70533607658133823        1.0009126663208008E-002  0.23355464637279510     
   285.55161952972412        123.43212604522705        210.53173542022705     
   0.0000000000000000        0.0000000000000000        0.0000000000000000     
          13 m=   1.8513550399019731E-007 r=   1.0000000000000000      d=   3.0000000000000000     
  0.71936607480310499        6.5177249908447265E-003  0.46166238188743591     
   58.787895441055298        76.719911098480225        204.09782409667969     
   0.0000000000000000        0.0000000000000000        0.0000000000000000     
          14 m=   2.1436034573160655E-007 r=   1.0000000000000000      d=   3.0000000000000000     
  0.75050007753729620        1.3314752578735352E-002   1.7011996358633041E-002
   97.173020839691162        220.94108819961548        70.689618587493896     
   0.0000000000000000        0.0000000000000000        0.0000000000000000     
          15 m=   2.5387585768040426E-007 r=   1.0000000000000000      d=   3.0000000000000000     
  0.78659370640331849        1.8292406797409060E-002  0.39643609523773193     
   268.04687976837158        65.628204345703125        205.13075351715088     
   0.0000000000000000        0.0000000000000000        0.0000000000000000     
          16 m=   2.3390285446512096E-007 r=   1.0000000000000000      d=   3.0000000000000000     
  0.82940265028623839        5.4736369848251342E-003  0.12909719347953796     
   273.48024129867554        176.77897810935974        316.33535385131836     
   0.0000000000000000        0.0000000000000000        0.0000000000000000     
          17 m=   2.8515792134165330E-007 r=   1.0000000000000000      d=   3.0000000000000000     
  0.86891131022315693        1.4171528816223146E-002  0.33950361609458923     
   178.24571728706360        203.01519870758057        257.34488725662231     
   0.0000000000000000        0.0000000000000000        0.0000000000000000     
          18 m=   2.9912359646364452E-007 r=   1.0000000000000000      d=   3.0000000000000000     
  0.91715367115824553        1.0274939239025116E-003   1.4222746714949608E-002
   283.66870880126953        158.07446479797363        217.75535345077515     
   0.0000000000000000        0.0000000000000000        0.0000000000000000     
          19 m=   2.0668578536267708E-007 r=   1.0000000000000000      d=   3.0000000000000000     
  0.96785645942070320        1.8627285957336426E-002  0.41270947456359863     
   179.35261130332947        68.801198601722717        207.61130332946777     
   0.0000000000000000        0.0000000000000000        0.0000000000000000     
          20 m=   3.3724617812463289E-007 r=   1.0000000000000000      d=   3.0000000000000000     
   1.0029617503122958        2.5763127207756044E-003  0.21611538529396057     
   240.03695726394653        45.840395092964172        130.87725162506104     
   0.0000000000000000        0.0000000000000000        0.0000000000000000     
          21 m=   3.1964284711278135E-007 r=   1.0000000000000000      d=   3.0000000000000000     
   1.0603230317347243        1.6148406267166137E-002   8.6759157478809357E-002
   18.774421066045761        330.44531822204590        322.39811182022095     
   0.0000000000000000        0.0000000000000000        0.0000000000000000     
          22 m=   2.6640394311106318E-007 r=   1.0000000000000000      d=   3.0000000000000000     
   1.1148150967195263        1.3819007873535157E-002  0.18955801427364349     
   46.461390852928162        68.753594756126404        113.91029477119446     
   0.0000000000000000        0.0000000000000000        0.0000000000000000     
          23 m=   4.0671098392656356E-007 r=   1.0000000000000000      d=   3.0000000000000000     
   1.1603302016504717        1.6225620508193969E-002  0.29539597034454346     
   83.947992324829102        177.26659297943115        201.03989124298096     
   0.0000000000000000        0.0000000000000000        0.0000000000000000     
          24 m=   3.4677906913437754E-007 r=   1.0000000000000000      d=   3.0000000000000000     
   1.2299433826461759        1.2417763471603394E-002  0.28073665499687195     
   78.589164018630981        21.589754819869995        46.014561653137207     
   0.0000000000000000        0.0000000000000000        0.0000000000000000     
          25 m=   3.8710496786996582E-007 r=   1.0000000000000000      d=   3.0000000000000000     
   1.2894640455275574        1.9959427118301391E-002  0.26151934266090393     
   16.034823507070541        339.06600236892700        264.36798334121704     
   0.0000000000000000        0.0000000000000000        0.0000000000000000     
          26 m=   3.2739140972763635E-007 r=   1.0000000000000000      d=   3.0000000000000000     
   1.3560645635982458        1.2875748872756958E-002  0.19083125889301300     
   167.57319688796997        239.07571792602539        169.94013905525208     
   0.0000000000000000        0.0000000000000000        0.0000000000000000     
          27 m=   4.6638687637641073E-007 r=   1.0000000000000000      d=   3.0000000000000000     
   1.4125417577176365        1.5209524631500245E-002   4.7758519649505615E-002
   33.061605691909790        3.8411737605929375        77.200444936752319     
   0.0000000000000000        0.0000000000000000        0.0000000000000000     
          28 m=   5.4520296008394491E-007 r=   1.0000000000000000      d=   3.0000000000000000     
   1.4931785536293014        1.0135139226913453E-002  0.25133091211318970     
   209.93725061416626        115.02192020416260        1.0149863641709089     
   0.0000000000000000        0.0000000000000000        0.0000000000000000     
          29 m=   3.6775840986979188E-007 r=   1.0000000000000000      d=   3.0000000000000000     
   1.5877469340142205        8.7789189815521244E-003   1.2473506852984428E-002
   222.19732761383057        295.73719024658203        301.85221910476685     
   0.0000000000000000        0.0000000000000000        0.0000000000000000     
          30 m=   4.5614196154651670E-007 r=   1.0000000000000000      d=   3.0000000000000000     
   1.6517783609366441        1.4873313903808595E-002  0.29955193400382996     
   39.578284621238708        252.94089317321777        266.47772312164307     
   0.0000000000000000        0.0000000000000000        0.0000000000000000     
          31 m=   6.0206972704987553E-007 r=   1.0000000000000000      d=   3.0000000000000000     
   1.7314021669103159        1.6936367750167849E-002   9.9956296384334564E-002
   100.23002028465271        236.08140707015991        359.25151348114014     
   0.0000000000000000        0.0000000000000000        0.0000000000000000     
          32 m=   3.3286598077496761E-007 r=   1.0000000000000000      d=   3.0000000000000000     
   1.8368342785709162        6.3748627901077269E-003  0.26652553677558899     
   76.547536253929138        11.357447952032089        18.725905269384384     
   0.0000000000000000        0.0000000000000000        0.0000000000000000     
          33 m=   4.1186211699390024E-007 r=   1.0000000000000000      d=   3.0000000000000000     
   1.8953708214288789        1.6394848823547362E-002  0.46279516816139221     
   118.02554368972778        195.78761100769043        81.211833357810974     
   0.0000000000000000        0.0000000000000000        0.0000000000000000     
          34 m=   8.9048281193010041E-007 r=   1.0000000000000000      d=   3.0000000000000000     
   1.9679691110182560        1.7863097190856932E-002  0.15389758348464966     
   73.482651114463806        136.29706263542175        263.08511495590210     
   0.0000000000000000        0.0000000000000000        0.0000000000000000     
          35 m=   5.7919029477219806E-007 r=   1.0000000000000000      d=   3.0000000000000000     
   2.1253895952667121        1.8450428247451783E-002   6.7108348011970520E-002
   224.03826713562012        51.174396872520447        229.98824357986450     
   0.0000000000000000        0.0000000000000000        0.0000000000000000     
          36 m=   1.0217609827478918E-006 r=   1.0000000000000000      d=   3.0000000000000000     
   2.2284262269027511        1.8713895082473755E-002  0.22564698755741119     
   303.00016164779663        350.77242851257324        175.93246221542358     
   0.0000000000000000        0.0000000000000000        0.0000000000000000     
          37 m=   8.7845798089775643E-007 r=   1.0000000000000000      d=   3.0000000000000000     
   2.4109458742447640        1.7823797464370728E-002   2.3165648803114891E-002
   13.974113166332245        154.89456653594971        165.47279119491577     
   0.0000000000000000        0.0000000000000000        0.0000000000000000     
          38 m=   9.7623613173850320E-007 r=   1.0000000000000000      d=   3.0000000000000000     
   2.5690167976181697        8.8492281734943391E-004  0.27185913920402527     
   349.94879722595215        251.75112962722778        96.322245597839355     
   0.0000000000000000        0.0000000000000000        0.0000000000000000     
          39 m=   3.2229693315181344E-006 r=   1.0000000000000000      d=   1.5000000000000000     
   2.7000000000000002        9.8852890729904178E-003  0.26560750603675842     
   182.65894889831543        186.05524778366089        351.15300178527832     
   0.0000000000000000        0.0000000000000000        0.0000000000000000     
          40 m=   2.3273866909619729E-006 r=   1.0000000000000000      d=   1.5000000000000000     
   2.9933449115381956        6.3044911623001097E-003  0.25042241811752319     
   155.44908642768860        238.70490789413452        222.50998735427856     
   0.0000000000000000        0.0000000000000000        0.0000000000000000     
          41 m=   3.0471668082288510E-006 r=   1.0000000000000000      d=   1.5000000000000000     
   3.2076768322160967        5.5654901266098027E-003  0.20046068727970123     
   12.605564296245575        202.88677453994751        73.125182390213013     
   0.0000000000000000        0.0000000000000000        0.0000000000000000     
          42 m=   5.2924549062702800E-006 r=   1.0000000000000000      d=   1.5000000000000000     
   3.4907103473770906        3.5778871178627015E-003   6.6193185746669769E-002
   303.69322299957275        302.78170108795166        22.817211449146271     
   0.0000000000000000        0.0000000000000000        0.0000000000000000     
          43 m=   3.6262852666606527E-006 r=   1.0000000000000000      d=   1.5000000000000000     
   3.9878925776866585        9.3404757976531978E-003  0.35277071595191956     
   226.32252216339111        249.89555597305298        270.46732664108276     
   0.0000000000000000        0.0000000000000000        0.0000000000000000     
          44 m=   4.5711321942880791E-006 r=   1.0000000000000000      d=   1.5000000000000000     
   4.3353946007635837        1.3787744045257568E-002  0.29457083344459534     
   281.46644353866577        265.59978246688843        181.05423688888550     
   0.0000000000000000        0.0000000000000000        0.0000000000000000     
          45 m=   5.2545574469747126E-006 r=   1.0000000000000000      d=   1.5000000000000000     
   4.7795714112910863        7.1581983566284179E-003  0.42589980363845825     
   193.93027782440186        231.72940492630005        141.99283003807068     
   0.0000000000000000        0.0000000000000000        0.0000000000000000     
