)O+_06 Big-body initial data  (WARNING: Do not delete  this line!!)
) Lines beginning with `)` are ignored.
)--------------------------------------------------
style (Cartesian, Asteroidal, Cometary) = Asteroidal
epoch (in days) = 0.
)--------------------------------------------------
           1 m=   8.9429132580940024E-008 r=   1.0000000000000000      d=   3.0000000000000000     
  0.50000000000000000        1.0533835887908936E-002  0.41638490557670593     
   26.725069284439087        358.41884851455688        229.97217178344727     
   0.0000000000000000        0.0000000000000000        0.0000000000000000     
           2 m=   1.3906337986583134E-007 r=   1.0000000000000000      d=   3.0000000000000000     
  0.51490779753210869        1.8542141914367677E-002  0.40876072645187378     
   176.09076619148254        183.86497735977173        209.92617845535278     
   0.0000000000000000        0.0000000000000000        0.0000000000000000     
           3 m=   1.1263422142680451E-007 r=   1.0000000000000000      d=   3.0000000000000000     
  0.53810343022237828        1.9318042695522309E-003  0.46004974842071533     
   89.849474430084229        96.886271238327026        59.561219215393066     
   0.0000000000000000        0.0000000000000000        0.0000000000000000     
           4 m=   1.4014011198096523E-007 r=   1.0000000000000000      d=   3.0000000000000000     
  0.55690814511446196        9.5333278179168708E-003  0.36390772461891174     
   287.04560995101929        105.13675689697266        11.058196574449539     
   0.0000000000000000        0.0000000000000000        0.0000000000000000     
           5 m=   1.5162544416998832E-007 r=   1.0000000000000000      d=   3.0000000000000000     
  0.58032267936317794        1.5993632078170776E-002   4.2397673241794109E-003
   241.59982681274414        84.244413971900940        31.783382892608643     
   0.0000000000000000        0.0000000000000000        0.0000000000000000     
           6 m=   1.4437319340736546E-007 r=   1.0000000000000000      d=   3.0000000000000000     
  0.60567991470935378        8.3285713195800776E-003  0.25927248597145081     
   5.4878355190157890        187.74675607681274        126.67416572570801     
   0.0000000000000000        0.0000000000000000        0.0000000000000000     
           7 m=   1.7395854911367588E-007 r=   1.0000000000000000      d=   3.0000000000000000     
  0.62984881435529005        1.3174279928207397E-002  0.35475754737854004     
   162.26065278053284        122.99458265304565        178.22622299194336     
   0.0000000000000000        0.0000000000000000        0.0000000000000000     
           8 m=   8.6868011748650726E-008 r=   1.0000000000000000      d=   3.0000000000000000     
  0.65899863918191315        1.2471725940704345E-002  0.20499920845031738     
   250.56426286697388       0.64341391436755657        293.89354705810547     
   0.0000000000000000        0.0000000000000000        0.0000000000000000     
           9 m=   8.5918541775898835E-008 r=   1.0000000000000000      d=   3.0000000000000000     
  0.67357188995388872        1.9104253053665161E-002   2.7800275012850761E-002
   251.11149787902832        239.97696161270142        17.851265072822571     
   0.0000000000000000        0.0000000000000000        0.0000000000000000     
          10 m=   1.7754836116652846E-007 r=   1.0000000000000000      d=   3.0000000000000000     
  0.68799425944036663        1.2604705095291139E-002  0.47595107555389404     
   147.07276225090027        232.63116359710693        166.19476675987244     
   0.0000000000000000        0.0000000000000000        0.0000000000000000     
          11 m=   8.7774647605218388E-008 r=   1.0000000000000000      d=   3.0000000000000000     
  0.71781489740430493        1.4570287466049195E-002  0.11838044971227646     
   192.83428430557251        70.144743919372559        224.24449682235718     
   0.0000000000000000        0.0000000000000000        0.0000000000000000     
          12 m=   2.1691838942257033E-007 r=   1.0000000000000000      d=   3.0000000000000000     
  0.73257493264377183        1.6675039529800414E-002  0.25134572386741638     
   111.17679119110107        225.33525466918945        290.64423322677612     
   0.0000000000000000        0.0000000000000000        0.0000000000000000     
          13 m=   2.0841482748999949E-007 r=   1.0000000000000000      d=   3.0000000000000000     
  0.76907310175425769        6.7903918027877805E-003  0.49606087803840637     
   339.75595235824585        266.64691686630249        167.67247080802917     
   0.0000000000000000        0.0000000000000000        0.0000000000000000     
          14 m=   1.7731973531289383E-007 r=   1.0000000000000000      d=   3.0000000000000000     
  0.80419171507937426        1.4714020490646363E-002  0.27196860313415527     
  0.50570289138704538        45.267459154129028        114.28046107292175     
   0.0000000000000000        0.0000000000000000        0.0000000000000000     
          15 m=   2.1040421452019908E-007 r=   1.0000000000000000      d=   3.0000000000000000     
  0.83411270054490283        1.3335934281349182E-003   9.0689230710268021E-003
   169.81890320777893        146.72836661338806        264.99971866607666     
   0.0000000000000000        0.0000000000000000        0.0000000000000000     
          16 m=   2.8710241529040259E-007 r=   1.0000000000000000      d=   3.0000000000000000     
  0.86965888861261220        1.3105612993240357E-002  0.26764026284217834     
   297.22536563873291        166.80595636367798        276.41520023345947     
   0.0000000000000000        0.0000000000000000        0.0000000000000000     
          17 m=   1.3362024030154693E-007 r=   1.0000000000000000      d=   3.0000000000000000     
  0.91823166701599612        6.3969105482101444E-003  0.24452029168605804     
   267.31725454330444        320.86380243301392        29.549143016338348     
   0.0000000000000000        0.0000000000000000        0.0000000000000000     
          18 m=   1.7011584220217956E-007 r=   1.0000000000000000      d=   3.0000000000000000     
  0.94088187238715282        1.7252700328826906E-002  0.18831166625022888     
   224.21441316604614        153.78286600112915        229.32058811187744     
   0.0000000000000000        0.0000000000000000        0.0000000000000000     
          19 m=   1.5590479878926519E-007 r=   1.0000000000000000      d=   3.0000000000000000     
  0.96974465043236091        1.8423260450363160E-002  0.19987408816814423     
   244.07561302185059        294.00568485260010        160.61064362525940     
   0.0000000000000000        0.0000000000000000        0.0000000000000000     
          20 m=   2.8931466605175130E-007 r=   1.0000000000000000      d=   3.0000000000000000     
  0.99622686200761457        1.1979923248291016E-002   3.6337025463581085E-002
   195.43255090713501        358.59450101852417        298.06421041488647     
   0.0000000000000000        0.0000000000000000        0.0000000000000000     
          21 m=   2.8496624430853929E-007 r=   1.0000000000000000      d=   3.0000000000000000     
   1.0454223486122725        2.8416073322296144E-003  0.23376423120498657     
   5.9901257604360580        140.37211060523987        167.45604872703552     
   0.0000000000000000        0.0000000000000000        0.0000000000000000     
          22 m=   3.3791545978440337E-007 r=   1.0000000000000000      d=   3.0000000000000000     
   1.0939738699461927        2.5762841105461121E-003  0.47960472106933594     
   354.17986392974854        89.762189984321594        190.72355747222900     
   0.0000000000000000        0.0000000000000000        0.0000000000000000     
          23 m=   3.8337728890567621E-007 r=   1.0000000000000000      d=   3.0000000000000000     
   1.1516586062750838        4.5736125111579895E-003   8.3432838320732117E-002
   216.77042484283447        225.75340032577515        235.91652631759644     
   0.0000000000000000        0.0000000000000000        0.0000000000000000     
          24 m=   1.8855949661140894E-007 r=   1.0000000000000000      d=   3.0000000000000000     
   1.2172552046492144        7.5865930318832400E-003  0.17925398051738739     
   293.43765735626221        238.25455427169800        284.33604240417480     
   0.0000000000000000        0.0000000000000000        0.0000000000000000     
          25 m=   3.3466677900740649E-007 r=   1.0000000000000000      d=   3.0000000000000000     
   1.2496028651718600        1.1674340963363648E-002   2.4528406560420990E-002
   179.28205847740173        259.23678874969482        59.364151954650879     
   0.0000000000000000        0.0000000000000000        0.0000000000000000     
          26 m=   4.7927341788371173E-007 r=   1.0000000000000000      d=   3.0000000000000000     
   1.3070897806695030        8.2825547456741328E-003  0.43684151768684387     
   353.74877929687500        108.80133032798767        281.15247488021851     
   0.0000000000000000        0.0000000000000000        0.0000000000000000     
          27 m=   2.2405357709577447E-007 r=   1.0000000000000000      d=   3.0000000000000000     
   1.3896058239995628        9.1466516256332401E-003  0.26364070177078247     
   89.474276304244995        255.83660602569580        312.11153984069824     
   0.0000000000000000        0.0000000000000000        0.0000000000000000     
          28 m=   4.0440170838478340E-007 r=   1.0000000000000000      d=   3.0000000000000000     
   1.4283084457470514        8.4530872106552118E-003  0.43797740340232849     
   148.62095475196838        82.299973368644714        25.621439516544342     
   0.0000000000000000        0.0000000000000000        0.0000000000000000     
          29 m=   2.7236855621388127E-007 r=   1.0000000000000000      d=   3.0000000000000000     
   1.4982723148368873        1.7332193851470949E-002  0.21502028405666351     
   95.029603242874146        322.41257429122925        14.821294248104095     
   0.0000000000000000        0.0000000000000000        0.0000000000000000     
          30 m=   3.6356005254172239E-007 r=   1.0000000000000000      d=   3.0000000000000000     
   1.5455257300646554        4.6598401665687563E-003  0.20707330107688904     
   293.89404058456421        156.00206136703491        220.64804077148438     
   0.0000000000000000        0.0000000000000000        0.0000000000000000     
          31 m=   3.5420989416826334E-007 r=   1.0000000000000000      d=   3.0000000000000000     
   1.6087193548521412        1.3280627727508544E-002  0.46795997023582458     
   162.58345127105713        317.05753326416016        329.36567544937134     
   0.0000000000000000        0.0000000000000000        0.0000000000000000     
          32 m=   4.9269908815630070E-007 r=   1.0000000000000000      d=   3.0000000000000000     
   1.6704435710263563        9.6745330095291144E-003  0.43636646866798401     
   314.41497802734375        107.73579597473145        281.41683340072632     
   0.0000000000000000        0.0000000000000000        0.0000000000000000     
          33 m=   7.1200509646790945E-007 r=   1.0000000000000000      d=   3.0000000000000000     
   1.7565129983611645        1.8009006977081299E-002   7.9230010509490967E-002
   108.74199986457825        131.16184473037720        188.42087030410767     
   0.0000000000000000        0.0000000000000000        0.0000000000000000     
          34 m=   8.2334492245176452E-007 r=   1.0000000000000000      d=   3.0000000000000000     
   1.8813218640714160        1.8913295269012451E-002  0.46627050638198853     
   217.02055692672729        254.53335285186768        261.99944257736206     
   0.0000000000000000        0.0000000000000000        0.0000000000000000     
          35 m=   6.2213712614523697E-007 r=   1.0000000000000000      d=   3.0000000000000000     
   2.0263700486628542        8.5969203710556039E-003  0.49401852488517761     
   345.38157463073730        293.03545475006104        290.44976234436035     
   0.0000000000000000        0.0000000000000000        0.0000000000000000     
          36 m=   4.2391880061958400E-007 r=   1.0000000000000000      d=   3.0000000000000000     
   2.1366093240179129        1.6060837507247926E-002  0.36539626121520996     
   168.26161265373230        115.10348081588745        97.174125909805298     
   0.0000000000000000        0.0000000000000000        0.0000000000000000     
          37 m=   5.5005494523810739E-007 r=   1.0000000000000000      d=   3.0000000000000000     
   2.2120573638630825        7.1855360269546514E-003  0.39798277616500854     
   115.51411628723145        145.56959867477417        333.06557893753052     
   0.0000000000000000        0.0000000000000000        0.0000000000000000     
          38 m=   9.0984198401406106E-007 r=   1.0000000000000000      d=   3.0000000000000000     
   2.3102507018416207        1.7211166620254518E-002  0.16050659120082855     
   218.28007936477661        134.50935959815979        197.29808092117310     
   0.0000000000000000        0.0000000000000000        0.0000000000000000     
          39 m=   8.2677142295697418E-007 r=   1.0000000000000000      d=   3.0000000000000000     
   2.4733108063316624        4.8031577467918399E-003   5.0741162151098251E-002
   229.61434364318848        254.85895156860352        148.98107886314392     
   0.0000000000000000        0.0000000000000000        0.0000000000000000     
          40 m=   8.5959544612562461E-007 r=   1.0000000000000000      d=   3.0000000000000000     
   2.6224527656555860        9.4294291734695439E-003   7.1330383419990540E-002
   28.066943585872650        145.51333665847778        26.369078457355499     
   0.0000000000000000        0.0000000000000000        0.0000000000000000     
          41 m=   2.2098787909920566E-006 r=   1.0000000000000000      d=   1.5000000000000000     
   2.7000000000000002        1.4639985561370849E-003  0.30662810802459717     
  0.91665943153202534        36.149927973747253        330.33427476882935     
   0.0000000000000000        0.0000000000000000        0.0000000000000000     
          42 m=   2.7309757524398823E-006 r=   1.0000000000000000      d=   1.5000000000000000     
   2.9011364775067054        1.7685382366180419E-002  0.32567566633224487     
   331.69213771820068        286.06714010238647        296.73439264297485     
   0.0000000000000000        0.0000000000000000        0.0000000000000000     
          43 m=   2.6674772112402095E-006 r=   1.0000000000000000      d=   1.5000000000000000     
   3.1517095099748591        1.2764278054237365E-003  0.42157232761383057     
   168.60690951347351        177.41524100303650        311.75723075866699     
   0.0000000000000000        0.0000000000000000        0.0000000000000000     
          44 m=   4.7271589200918246E-006 r=   1.0000000000000000      d=   1.5000000000000000     
   3.3989218252307745        3.1912150979042054E-003   4.6862114220857620E-002
   325.04294157028198        152.23072528839111        211.50093555450439     
   0.0000000000000000        0.0000000000000000        0.0000000000000000     
          45 m=   3.8446033203915628E-006 r=   1.0000000000000000      d=   1.5000000000000000     
   3.8413717288170046        7.4956029653549198E-003  0.21898210048675537     
   102.42198586463928        19.299836307764053        319.19995307922363     
   0.0000000000000000        0.0000000000000000        0.0000000000000000     
          46 m=   5.1861700263736532E-006 r=   1.0000000000000000      d=   1.5000000000000000     
   4.2076419246574996        1.0198487043380737E-002  0.37217712402343750     
   116.73004746437073        39.684416949748993        46.733307838439941     
   0.0000000000000000        0.0000000000000000        0.0000000000000000     
          47 m=   6.0559165110018459E-006 r=   1.0000000000000000      d=   1.5000000000000000     
   4.7090133283183917        1.4591840505599975E-002  0.28646475076675415     
   119.84257936477661        84.410469532012939        216.63524150848389     
   0.0000000000000000        0.0000000000000000        0.0000000000000000     
