)O+_06 Big-body initial data  (WARNING: Do not delete  this line!!)
) Lines beginning with `)` are ignored.
)--------------------------------------------------
style (Cartesian, Asteroidal, Cometary) = Asteroidal
epoch (in days) = 0.
)--------------------------------------------------
           1 m=   8.6857833164632195E-008 r=   1.0000000000000000      d=   3.0000000000000000     
  0.50000000000000000        1.1247233152389527E-002  0.46878990530967712     
   287.58966922760010        98.349802494049072        184.79147672653198     
   0.0000000000000000        0.0000000000000000        0.0000000000000000     
           2 m=   7.0198636786588208E-008 r=   1.0000000000000000      d=   3.0000000000000000     
  0.51447916303698993        4.8907926678657529E-003  0.28991407155990601     
   208.67867231369019        214.24985647201538        51.842647790908813     
   0.0000000000000000        0.0000000000000000        0.0000000000000000     
           3 m=   5.3469526098672988E-008 r=   1.0000000000000000      d=   3.0000000000000000     
  0.52618802469573100        1.0927926301956176E-002  0.37847620248794556     
   126.88202619552612        93.771089315414429        60.590763688087463     
   0.0000000000000000        0.0000000000000000        0.0000000000000000     
           4 m=   1.3703543345254627E-007 r=   1.0000000000000000      d=   3.0000000000000000     
  0.53511071326641124        1.2747159004211426E-002  0.43077984452247620     
   283.81382703781128        120.25210976600647        22.049382179975510     
   0.0000000000000000        0.0000000000000000        0.0000000000000000     
           5 m=   1.2473031209894028E-007 r=   1.0000000000000000      d=   3.0000000000000000     
  0.55798656541198310        1.3687858581542969E-002  0.11659362912178040     
   41.360483765602112        50.594379901885986        232.42426872253418     
   0.0000000000000000        0.0000000000000000        0.0000000000000000     
           6 m=   1.5747507627363890E-007 r=   1.0000000000000000      d=   3.0000000000000000     
  0.57882733760117722        7.9392331838607794E-003  0.39689537882804871     
   65.494072437286377        155.40545225143433        352.28289842605591     
   0.0000000000000000        0.0000000000000000        0.0000000000000000     
           7 m=   8.7258282499372698E-008 r=   1.0000000000000000      d=   3.0000000000000000     
  0.60516126694471384        6.2424671649932862E-003  0.31773507595062256     
   330.38360595703125        104.21406626701355        296.56944751739502     
   0.0000000000000000        0.0000000000000000        0.0000000000000000     
           8 m=   8.9639117971486096E-008 r=   1.0000000000000000      d=   3.0000000000000000     
  0.61976850026742492        1.7591049671173097E-002  0.15625990927219391     
   200.37077665328979        33.456888198852539        81.788819432258606     
   0.0000000000000000        0.0000000000000000        0.0000000000000000     
           9 m=   8.6856971169378355E-008 r=   1.0000000000000000      d=   3.0000000000000000     
  0.63478306110401572        1.7653679847717287E-002  0.48972588777542114     
   14.785803258419037        190.35566568374634        166.25925779342651     
   0.0000000000000000        0.0000000000000000        0.0000000000000000     
          10 m=   1.2253339468835432E-007 r=   1.0000000000000000      d=   3.0000000000000000     
  0.64934035231356990        4.2362445592880249E-003  0.43227094411849976     
   53.727275133132935        197.27773904800415        48.024233579635620     
   0.0000000000000000        0.0000000000000000        0.0000000000000000     
          11 m=   9.4202108151206902E-008 r=   1.0000000000000000      d=   3.0000000000000000     
  0.66988899973983085        1.2914665043354035E-003  0.40064644813537598     
   135.87525844573975        311.45032167434692        251.20893716812134     
   0.0000000000000000        0.0000000000000000        0.0000000000000000     
          12 m=   1.6960625061894222E-007 r=   1.0000000000000000      d=   3.0000000000000000     
  0.68569952737735207        1.7119334638118744E-003  0.34875762462615967     
   243.92079591751099        84.525530934333801        264.38519239425659     
   0.0000000000000000        0.0000000000000000        0.0000000000000000     
          13 m=   1.7237370615248480E-007 r=   1.0000000000000000      d=   3.0000000000000000     
  0.71418361101202965        1.8985737562179566E-002  0.38510951399803162     
   2.9487857222557068        268.68425846099854        305.29767751693726     
   0.0000000000000000        0.0000000000000000        0.0000000000000000     
          14 m=   2.0812236210752433E-007 r=   1.0000000000000000      d=   3.0000000000000000     
  0.74316546988085430        9.3792629241943367E-003  0.35770136117935181     
   253.69219064712524        215.86881637573242        254.42293167114258     
   0.0000000000000000        0.0000000000000000        0.0000000000000000     
          15 m=   1.2060890080381860E-007 r=   1.0000000000000000      d=   3.0000000000000000     
  0.77819847807665998        1.2414284944534303E-002  0.49034854769706726     
   187.94652700424194        84.763394594192505        83.416399955749512     
   0.0000000000000000        0.0000000000000000        0.0000000000000000     
          16 m=   9.5091822898471450E-008 r=   1.0000000000000000      d=   3.0000000000000000     
  0.79852891112799362        4.1834637522697449E-003  0.26105704903602600     
   100.91075420379639        280.08306741714478        167.35506892204285     
   0.0000000000000000        0.0000000000000000        0.0000000000000000     
          17 m=   1.5534293269209874E-007 r=   1.0000000000000000      d=   3.0000000000000000     
  0.81457109976036235        1.8178585767745972E-002  0.32357826828956604     
   348.15105199813843        281.71320676803589        289.67447519302368     
   0.0000000000000000        0.0000000000000000        0.0000000000000000     
          18 m=   2.6895392933379397E-007 r=   1.0000000000000000      d=   3.0000000000000000     
  0.84079459803342738        1.8208606243133547E-002  0.13882328569889069     
   170.08054733276367        68.409429788589478        109.67937827110291     
   0.0000000000000000        0.0000000000000000        0.0000000000000000     
          19 m=   1.7434708020580171E-007 r=   1.0000000000000000      d=   3.0000000000000000     
  0.88624446010609281        1.6316087245941163E-002   1.8998615443706512E-002
   25.436857938766479        258.55464935302734        179.36796426773071     
   0.0000000000000000        0.0000000000000000        0.0000000000000000     
          20 m=   1.2833543911085469E-007 r=   1.0000000000000000      d=   3.0000000000000000     
  0.91576055511603205        5.2784180641174318E-003  0.23717214167118073     
   344.99718189239502        118.31129550933838        124.15166616439819     
   0.0000000000000000        0.0000000000000000        0.0000000000000000     
          21 m=   2.6919775729136606E-007 r=   1.0000000000000000      d=   3.0000000000000000     
  0.93751277421396628        3.7055310606956483E-003  0.41385054588317871     
   140.50506234169006        109.85576033592224        188.38145256042480     
   0.0000000000000000        0.0000000000000000        0.0000000000000000     
          22 m=   2.6960850112416011E-007 r=   1.0000000000000000      d=   3.0000000000000000     
  0.98318017356284948        2.7310183644294740E-003  0.23373956978321075     
   90.032991170883179        81.918627619743347        291.62823915481567     
   0.0000000000000000        0.0000000000000000        0.0000000000000000     
          23 m=   1.9059864814263333E-007 r=   1.0000000000000000      d=   3.0000000000000000     
   1.0290008766437759        1.5226547718048097E-002  0.32843482494354248     
   116.64331555366516        124.47273731231689        217.52273082733154     
   0.0000000000000000        0.0000000000000000        0.0000000000000000     
          24 m=   2.8709718286630768E-007 r=   1.0000000000000000      d=   3.0000000000000000     
   1.0614530636509991        3.1398737430572512E-003  0.46288800239562988     
   201.38089656829834        47.366641759872437        334.54420566558838     
   0.0000000000000000        0.0000000000000000        0.0000000000000000     
          25 m=   2.6332422616716379E-007 r=   1.0000000000000000      d=   3.0000000000000000     
   1.1103990221018332        1.3200381994247437E-002  0.44002908468246460     
   6.5281386673450470        27.467131912708282        331.91765785217285     
   0.0000000000000000        0.0000000000000000        0.0000000000000000     
          26 m=   1.9567805783313836E-007 r=   1.0000000000000000      d=   3.0000000000000000     
   1.1553800112160828        8.5998766124248502E-004  0.26901134848594666     
   197.88439035415649        282.90899991989136        307.86837100982666     
   0.0000000000000000        0.0000000000000000        0.0000000000000000     
          27 m=   3.5040632562515784E-007 r=   1.0000000000000000      d=   3.0000000000000000     
   1.1888658909868457        1.9554287195205688E-002  0.17807707190513611     
   336.71836137771606        48.976986408233643        132.49473094940186     
   0.0000000000000000        0.0000000000000000        0.0000000000000000     
          28 m=   3.6259296415838650E-007 r=   1.0000000000000000      d=   3.0000000000000000     
   1.2489103907831618        1.9209080934524538E-002  0.21215124428272247     
   225.59523582458496        299.05169248580933        323.33289384841919     
   0.0000000000000000        0.0000000000000000        0.0000000000000000     
          29 m=   2.8461375255295831E-007 r=   1.0000000000000000      d=   3.0000000000000000     
   1.3111925623009291        2.9377064108848574E-003  0.34509634971618652     
   129.30238723754883        101.66163325309753        279.55379247665405     
   0.0000000000000000        0.0000000000000000        0.0000000000000000     
          30 m=   2.6323549985155705E-007 r=   1.0000000000000000      d=   3.0000000000000000     
   1.3602022806867149        6.0009604692459109E-003   1.9771270453929901E-002
   73.715102076530457        219.02350187301636        357.27644205093384     
   0.0000000000000000        0.0000000000000000        0.0000000000000000     
          31 m=   5.0823796582439359E-007 r=   1.0000000000000000      d=   3.0000000000000000     
   1.4056196703034254        1.2684680223464966E-002  0.17334774136543274     
   218.55332136154175        6.3402143865823746        294.76760387420654     
   0.0000000000000000        0.0000000000000000        0.0000000000000000     
          32 m=   3.8837906715672009E-007 r=   1.0000000000000000      d=   3.0000000000000000     
   1.4934680582894511        1.7443031072616577E-002   6.3099712133407593E-002
   149.54014778137207        185.33461332321167        57.096231579780579     
   0.0000000000000000        0.0000000000000000        0.0000000000000000     
          33 m=   6.2414686121715684E-007 r=   1.0000000000000000      d=   3.0000000000000000     
   1.5608352726470245        1.6336939334869384E-002  0.45477360486984253     
   165.24296879768372        208.82117271423340        144.29253458976746     
   0.0000000000000000        0.0000000000000000        0.0000000000000000     
          34 m=   4.8906484936967025E-007 r=   1.0000000000000000      d=   3.0000000000000000     
   1.6693902783557171        1.0838345289230347E-002  0.15147309005260468     
   120.18787622451782        359.24981832504272        356.59440994262695     
   0.0000000000000000        0.0000000000000000        0.0000000000000000     
          35 m=   7.9010239730099641E-007 r=   1.0000000000000000      d=   3.0000000000000000     
   1.7548212423897096        1.9234628975391388E-003  0.13170520961284637     
   135.69162368774414        10.468223243951797        105.48007965087891     
   0.0000000000000000        0.0000000000000000        0.0000000000000000     
          36 m=   3.9136791774067224E-007 r=   1.0000000000000000      d=   3.0000000000000000     
   1.8933105757302244        1.9200940132141114E-002  0.34311354160308838     
   268.90945672988892        153.88755798339844        10.546604096889496     
   0.0000000000000000        0.0000000000000000        0.0000000000000000     
          37 m=   4.9670524475833739E-007 r=   1.0000000000000000      d=   3.0000000000000000     
   1.9622907000763921        8.8606081902980810E-004  0.17786055803298950     
   214.98104810714722        141.64986133575439        248.98036479949951     
   0.0000000000000000        0.0000000000000000        0.0000000000000000     
          38 m=   9.4016924755888192E-007 r=   1.0000000000000000      d=   3.0000000000000000     
   2.0500788313812839        8.0085736513137822E-003   9.3637101352214813E-002
   169.28241848945618        177.19845414161682        323.16284179687500     
   0.0000000000000000        0.0000000000000000        0.0000000000000000     
          39 m=   1.0828325904104106E-006 r=   1.0000000000000000      d=   3.0000000000000000     
   2.2168297120881961        1.4494239091873170E-002  0.36196374893188477     
   276.25199317932129        60.412369966506958        356.77834510803223     
   0.0000000000000000        0.0000000000000000        0.0000000000000000     
          40 m=   4.9062632404639041E-007 r=   1.0000000000000000      d=   3.0000000000000000     
   2.4101690258258768        9.2192423343658448E-003   8.8071234524250031E-002
   276.50276899337769        44.490272998809814        88.555410504341125     
   0.0000000000000000        0.0000000000000000        0.0000000000000000     
          41 m=   9.8886634347382574E-007 r=   1.0000000000000000      d=   3.0000000000000000     
   2.4984502503085646        8.7392157316207881E-003  0.27038353681564331     
   247.16706275939941        333.85970592498779        283.18421602249146     
   0.0000000000000000        0.0000000000000000        0.0000000000000000     
          42 m=   1.1051931040382427E-006 r=   1.0000000000000000      d=   3.0000000000000000     
   2.6770121097858302        8.1057989597320551E-003  0.26750403642654419     
   124.75050687789917        311.25758886337280        251.03734016418457     
   0.0000000000000000        0.0000000000000000        0.0000000000000000     
          43 m=   2.8778397210619450E-006 r=   1.0000000000000000      d=   1.5000000000000000     
   2.7000000000000002        1.8392966985702516E-002  0.20958665013313293     
   60.641140937805176        178.12984585762024        173.09704542160034     
   0.0000000000000000        0.0000000000000000        0.0000000000000000     
          44 m=   3.6999586192785744E-006 r=   1.0000000000000000      d=   1.5000000000000000     
   2.9619322592183566        1.7601524591445924E-002  0.30883571505546570     
   35.255084037780762        329.10912752151489        216.16141319274902     
   0.0000000000000000        0.0000000000000000        0.0000000000000000     
          45 m=   4.3568690903649705E-006 r=   1.0000000000000000      d=   1.5000000000000000     
   3.3022381622388250        6.7301529645919797E-003  0.40580666065216064     
   188.26092481613159        34.654655456542969        316.08341932296753     
   0.0000000000000000        0.0000000000000000        0.0000000000000000     
          46 m=   5.6886856401432009E-006 r=   1.0000000000000000      d=   1.5000000000000000     
   3.7084558648635264        2.5597316026687621E-003   8.9909635484218597E-002
   1.2499561719596386        222.49247789382935        226.49532079696655     
   0.0000000000000000        0.0000000000000000        0.0000000000000000     
          47 m=   4.7355251983412534E-006 r=   1.0000000000000000      d=   1.5000000000000000     
   4.2475355847274257        1.2176597118377685E-002  0.46801248192787170     
   95.425314903259277        243.66557836532593        327.59655475616455     
   0.0000000000000000        0.0000000000000000        0.0000000000000000     
          48 m=   6.1576712702721725E-006 r=   1.0000000000000000      d=   1.5000000000000000     
   4.7060721618399253        3.1198832392692567E-003  0.23487685620784760     
   254.89888429641724        138.73084545135498        131.06705546379089     
   0.0000000000000000        0.0000000000000000        0.0000000000000000     
