)O+_06 Big-body initial data  (WARNING: Do not delete  this line!!)
) Lines beginning with `)` are ignored.
)--------------------------------------------------
style (Cartesian, Asteroidal, Cometary) = Asteroidal
epoch (in days) = 0.
)--------------------------------------------------
           1 m=   9.2716878142800255E-008 r=   1.0000000000000000      d=   3.0000000000000000     
  0.50000000000000000        6.7544686794281010E-003  0.10940217971801758     
   55.276867747306824        55.331761837005615        346.52988195419312     
   0.0000000000000000        0.0000000000000000        0.0000000000000000     
           2 m=   1.2867673302196131E-007 r=   1.0000000000000000      d=   3.0000000000000000     
  0.51545586328829773        3.2897076010704042E-003   2.0147103816270828E-002
   207.73459911346436        102.82564759254456        296.50779962539673     
   0.0000000000000000        0.0000000000000000        0.0000000000000000     
           3 m=   1.0536985482368494E-007 r=   1.0000000000000000      d=   3.0000000000000000     
  0.53691948420611946        2.1075071394443512E-003  0.33065259456634521     
   237.43493556976318        87.437669634819031        272.82732725143433     
   0.0000000000000000        0.0000000000000000        0.0000000000000000     
           4 m=   7.2576896025000398E-008 r=   1.0000000000000000      d=   3.0000000000000000     
  0.55451055216135992        4.5006585121154788E-003  0.31052106618881226     
   262.62132883071899        193.64180088043213        124.06938672065735     
   0.0000000000000000        0.0000000000000000        0.0000000000000000     
           5 m=   1.0847130577195729E-007 r=   1.0000000000000000      d=   3.0000000000000000     
  0.56663549788211443        6.2983953952789311E-003  0.27088320255279541     
   42.992798388004303        332.64470815658569        29.998667836189270     
   0.0000000000000000        0.0000000000000000        0.0000000000000000     
           6 m=   7.3361581747851193E-008 r=   1.0000000000000000      d=   3.0000000000000000     
  0.58476587813922953        1.9483329057693483E-002  0.15015295147895813     
   261.21954202651978        179.12807822227478        271.53553247451782     
   0.0000000000000000        0.0000000000000000        0.0000000000000000     
           7 m=   1.3180776488042624E-007 r=   1.0000000000000000      d=   3.0000000000000000     
  0.59703675754989549        1.8919045925140380E-002  0.24715460836887360     
   264.75486516952515        189.49901103973389        144.23934102058411     
   0.0000000000000000        0.0000000000000000        0.0000000000000000     
           8 m=   1.6079336118688277E-007 r=   1.0000000000000000      d=   3.0000000000000000     
  0.61909450521537079        1.1393225193023682E-002   5.9833552688360214E-002
   180.13745784759521        47.562888264656067        355.50356626510620     
   0.0000000000000000        0.0000000000000000        0.0000000000000000     
           9 m=   8.9535824393386756E-008 r=   1.0000000000000000      d=   3.0000000000000000     
  0.64602668250238038        2.8439605236053466E-003  0.26829457283020020     
   57.653476595878601        41.220518052577972        123.93731474876404     
   0.0000000000000000        0.0000000000000000        0.0000000000000000     
          10 m=   1.7780500539199061E-007 r=   1.0000000000000000      d=   3.0000000000000000     
  0.66103970196060147        2.2429656982421876E-003  0.35437789559364319     
   4.2491474747657776        286.48215293884277        51.799040436744690     
   0.0000000000000000        0.0000000000000000        0.0000000000000000     
          11 m=   1.2491366115491559E-007 r=   1.0000000000000000      d=   3.0000000000000000     
  0.69087126412468725        1.4197570085525513E-002  0.21783842146396637     
   239.04179334640503        335.76117753982544        89.528177976608276     
   0.0000000000000000        0.0000000000000000        0.0000000000000000     
          12 m=   8.6927758464365079E-008 r=   1.0000000000000000      d=   3.0000000000000000     
  0.71185390649052960        3.8386169075965882E-003  0.41533088684082031     
   125.86299061775208        260.00033855438232        25.673259794712067     
   0.0000000000000000        0.0000000000000000        0.0000000000000000     
          13 m=   1.5882864185984916E-007 r=   1.0000000000000000      d=   3.0000000000000000     
  0.72646804528912234        5.5389350652694704E-003  0.14521808922290802     
   56.804010272026062        116.70469522476196        356.69862985610962     
   0.0000000000000000        0.0000000000000000        0.0000000000000000     
          14 m=   1.6521328436744028E-007 r=   1.0000000000000000      d=   3.0000000000000000     
  0.75318564523350517        7.1763747930526731E-003  0.10607836395502090     
   222.60927200317383        170.24320721626282        292.87271976470947     
   0.0000000000000000        0.0000000000000000        0.0000000000000000     
          15 m=   1.8435695422655236E-007 r=   1.0000000000000000      d=   3.0000000000000000     
  0.78100696433589334        9.5624232292175291E-003  0.39199152588844299     
   83.629624843597412        138.89618754386902        200.68581819534302     
   0.0000000000000000        0.0000000000000000        0.0000000000000000     
          16 m=   1.7895462838249115E-007 r=   1.0000000000000000      d=   3.0000000000000000     
  0.81208657594623979        1.4571413993835450E-002  0.13681866228580475     
   1.5403332933783531        274.05874013900757        351.29086732864380     
   0.0000000000000000        0.0000000000000000        0.0000000000000000     
          17 m=   1.2375841136148536E-007 r=   1.0000000000000000      d=   3.0000000000000000     
  0.84229297126553415        1.3095213174819946E-002  0.34542685747146606     
   244.46682929992676        194.48678255081177        52.317339777946472     
   0.0000000000000000        0.0000000000000000        0.0000000000000000     
          18 m=   2.4746071857258530E-007 r=   1.0000000000000000      d=   3.0000000000000000     
  0.86320785387350307        6.2965005636215208E-004  0.28036335110664368     
   26.637838482856750        127.09298729896545        150.27513742446899     
   0.0000000000000000        0.0000000000000000        0.0000000000000000     
          19 m=   2.1459546250007640E-007 r=   1.0000000000000000      d=   3.0000000000000000     
  0.90506313891092349        1.6542075872421264E-002   8.7819389998912811E-002
   259.09557580947876        239.02055025100708        222.29794263839722     
   0.0000000000000000        0.0000000000000000        0.0000000000000000     
          20 m=   2.4894601285439070E-007 r=   1.0000000000000000      d=   3.0000000000000000     
  0.94142044276081593        1.7292034626007081E-002  0.32499906420707703     
   339.22798633575439        351.39600992202759        72.582619786262512     
   0.0000000000000000        0.0000000000000000        0.0000000000000000     
          21 m=   2.1476056244466988E-007 r=   1.0000000000000000      d=   3.0000000000000000     
  0.98365888577661120        1.3650590181350708E-002   9.8735988140106201E-002
   172.28513002395630        282.69234180450439        195.54831504821777     
   0.0000000000000000        0.0000000000000000        0.0000000000000000     
          22 m=   2.7585860251932315E-007 r=   1.0000000000000000      d=   3.0000000000000000     
   1.0201587303896718        7.5699406862258910E-003  0.21240499615669250     
   315.23856639862061        2.2602953575551510        123.30679178237915     
   0.0000000000000000        0.0000000000000000        0.0000000000000000     
          23 m=   1.9295443451678545E-007 r=   1.0000000000000000      d=   3.0000000000000000     
   1.0671110531465486        1.6637609004974366E-002  0.11699789017438889     
   221.35798931121826        330.01940488815308        41.604326069355011     
   0.0000000000000000        0.0000000000000000        0.0000000000000000     
          24 m=   2.9115759320821491E-007 r=   1.0000000000000000      d=   3.0000000000000000     
   1.1000144669708931        1.7681602239608765E-002  0.18447847664356232     
   108.28550934791565        268.10382843017578        325.61133384704590     
   0.0000000000000000        0.0000000000000000        0.0000000000000000     
          25 m=   2.3102555514259204E-007 r=   1.0000000000000000      d=   3.0000000000000000     
   1.1497292910656791        1.7092618942260742E-002  0.38370046019554138     
   120.79630851745605        254.94368791580200        127.93900966644287     
   0.0000000000000000        0.0000000000000000        0.0000000000000000     
          26 m=   2.0359654604907276E-007 r=   1.0000000000000000      d=   3.0000000000000000     
   1.1892551616034581        2.9579069465398791E-004  0.10199664533138275     
   61.178902387619019        294.30802345275879        35.425704717636108     
   0.0000000000000000        0.0000000000000000        0.0000000000000000     
          27 m=   3.1164433465525622E-007 r=   1.0000000000000000      d=   3.0000000000000000     
   1.2241433534718114        1.5608000755310060E-002   8.4385154768824577E-003
   13.209144473075867        48.556823730468750        111.66370868682861     
   0.0000000000000000        0.0000000000000000        0.0000000000000000     
          28 m=   4.7776488727412358E-007 r=   1.0000000000000000      d=   3.0000000000000000     
   1.2776211324893425        1.8228774070739747E-002   9.9589198827743530E-002
   15.459874570369720        343.20973634719849        209.30223226547241     
   0.0000000000000000        0.0000000000000000        0.0000000000000000     
          29 m=   2.9701599746521287E-007 r=   1.0000000000000000      d=   3.0000000000000000     
   1.3597805513747507        6.3096016645431520E-003  0.27635034918785095     
   5.4417575150728226        339.18547868728638        290.21709680557251     
   0.0000000000000000        0.0000000000000000        0.0000000000000000     
          30 m=   4.0012971917688039E-007 r=   1.0000000000000000      d=   3.0000000000000000     
   1.4110254014381765        7.8110277652740480E-003   9.0180590748786926E-002
   14.368017017841339        259.27706480026245        288.53646755218506     
   0.0000000000000000        0.0000000000000000        0.0000000000000000     
          31 m=   6.0956796693747934E-007 r=   1.0000000000000000      d=   3.0000000000000000     
   1.4802023512555365        8.9691752195358281E-003  0.29537630081176758     
   205.97534894943237        32.242429554462433        227.70746469497681     
   0.0000000000000000        0.0000000000000000        0.0000000000000000     
          32 m=   3.0455777161033254E-007 r=   1.0000000000000000      d=   3.0000000000000000     
   1.5858803214400563        1.0218068361282348E-002  0.48549979925155640     
   354.48149442672729        224.12866830825806        346.07349872589111     
   0.0000000000000000        0.0000000000000000        0.0000000000000000     
          33 m=   5.0566133239267516E-007 r=   1.0000000000000000      d=   3.0000000000000000     
   1.6389037525160424        4.3274822831153867E-003  0.42932984232902527     
   230.72673082351685        328.28573226928711        267.40319252014160     
   0.0000000000000000        0.0000000000000000        0.0000000000000000     
          34 m=   7.8253838265801175E-007 r=   1.0000000000000000      d=   3.0000000000000000     
   1.7271261786463055        1.3272583484649658E-002  0.24578699469566345     
   2.7064032107591629        214.21138286590576        312.63881921768188     
   0.0000000000000000        0.0000000000000000        0.0000000000000000     
          35 m=   6.5604907490844377E-007 r=   1.0000000000000000      d=   3.0000000000000000     
   1.8641378237747213        1.7181880474090576E-002  0.37649115920066833     
   20.353296697139740        301.50215864181519        300.21081447601318     
   0.0000000000000000        0.0000000000000000        0.0000000000000000     
          36 m=   7.5695835716370377E-007 r=   1.0000000000000000      d=   3.0000000000000000     
   1.9796341834941458        1.8184682130813600E-002   7.5394459068775177E-002
   132.28992819786072        64.594470262527466        299.66383695602417     
   0.0000000000000000        0.0000000000000000        0.0000000000000000     
          37 m=   1.0295292068229511E-006 r=   1.0000000000000000      d=   3.0000000000000000     
   2.1135125282180769        1.2435493469238281E-002  0.12775574624538422     
   359.78703260421753        171.47895455360413        204.17127370834351     
   0.0000000000000000        0.0000000000000000        0.0000000000000000     
          38 m=   7.8647256473115271E-007 r=   1.0000000000000000      d=   3.0000000000000000     
   2.2965764334098564        1.7533974647521974E-002   4.3473668396472931E-002
   38.334418237209320        131.64428830146790        91.876087188720703     
   0.0000000000000000        0.0000000000000000        0.0000000000000000     
          39 m=   6.4263057922116683E-007 r=   1.0000000000000000      d=   3.0000000000000000     
   2.4374494368885586        1.1205941438674927E-002   2.9225695878267288E-002
   198.64794015884399        355.96576452255249        218.11142206192017     
   0.0000000000000000        0.0000000000000000        0.0000000000000000     
          40 m=   1.2299709700157938E-006 r=   1.0000000000000000      d=   3.0000000000000000     
   2.5532079124423861        1.2760810852050782E-002  0.10185840725898743     
   158.70582461357117        231.65076255798340        273.30551147460938     
   0.0000000000000000        0.0000000000000000        0.0000000000000000     
          41 m=   1.5080345014564928E-006 r=   1.0000000000000000      d=   1.5000000000000000     
   2.7000000000000002        1.6174172163009645E-002  0.28061974048614502     
   24.034521281719208        233.75917196273804        326.88008308410645     
   0.0000000000000000        0.0000000000000000        0.0000000000000000     
          42 m=   2.7544299417597512E-006 r=   1.0000000000000000      d=   1.5000000000000000     
   2.8372567349928608        4.1867058724164962E-004  0.10730043798685074     
   249.85324144363403        205.86293220520020        133.79338145256042     
   0.0000000000000000        0.0000000000000000        0.0000000000000000     
          43 m=   2.2216981073206594E-006 r=   1.0000000000000000      d=   1.5000000000000000     
   3.0893368049076493        1.7510453462600710E-002  0.13039061427116394     
   218.76607418060303        273.76453399658203        72.308557033538818     
   0.0000000000000000        0.0000000000000000        0.0000000000000000     
          44 m=   4.1558217273295812E-006 r=   1.0000000000000000      d=   1.5000000000000000     
   3.2947228368053043        2.0030437409877776E-003  0.15476131439208984     
   2.9457122460007668        133.47504615783691        342.83751010894775     
   0.0000000000000000        0.0000000000000000        0.0000000000000000     
          45 m=   2.5267434236772989E-006 r=   1.0000000000000000      d=   1.5000000000000000     
   3.6820791953458194        2.6704484224319459E-003  0.46988698840141296     
   177.02706098556519        233.55021715164185        48.549324274063110     
   0.0000000000000000        0.0000000000000000        0.0000000000000000     
          46 m=   4.3534207815197356E-006 r=   1.0000000000000000      d=   1.5000000000000000     
   3.9212697320452787        1.7712993621826174E-002  0.30777120590209961     
   139.16667222976685        218.72751474380493        280.20546197891235     
   0.0000000000000000        0.0000000000000000        0.0000000000000000     
          47 m=   6.4608502446013559E-006 r=   1.0000000000000000      d=   1.5000000000000000     
   4.3373418949743057        7.4739843606948858E-003  0.13332709670066833     
   267.76097774505615        43.709329068660736        11.474867016077042     
   0.0000000000000000        0.0000000000000000        0.0000000000000000     
          48 m=   5.5054373155971157E-006 r=   1.0000000000000000      d=   1.5000000000000000     
   4.9651914675386228        1.2015616893768311E-002  0.43866619467735291     
   231.64956092834473        229.33350563049316        328.84165763854980     
   0.0000000000000000        0.0000000000000000        0.0000000000000000     
