)O+_06 Big-body initial data  (WARNING: Do not delete  this line!!)
) Lines beginning with `)` are ignored.
)--------------------------------------------------
style (Cartesian, Asteroidal, Cometary) = Asteroidal
epoch (in days) = 0.
)--------------------------------------------------
           1 m=   1.1299394392593670E-007 r=   1.0000000000000000      d=   3.0000000000000000     
  0.50000000000000000        5.1622945070266728E-003  0.34121614694595337     
   251.78250074386597        340.82705497741699        105.05418777465820     
   0.0000000000000000        0.0000000000000000        0.0000000000000000     
           2 m=   1.3657299973749770E-007 r=   1.0000000000000000      d=   3.0000000000000000     
  0.51883604134120076        1.6103444099426271E-002  0.47054457664489746     
   206.65856122970581        188.57373476028442        89.513511657714844     
   0.0000000000000000        0.0000000000000000        0.0000000000000000     
           3 m=   6.7481220949025784E-008 r=   1.0000000000000000      d=   3.0000000000000000     
  0.54161986085125591        5.8836144208908080E-003  0.10421993583440781     
   283.43917608261108        188.83474588394165        187.56011724472046     
   0.0000000000000000        0.0000000000000000        0.0000000000000000     
           4 m=   1.0121688033017119E-007 r=   1.0000000000000000      d=   3.0000000000000000     
  0.55288769407374627        9.7677624225616464E-003   7.0161141455173492E-002
   164.88282322883606        66.455306410789490        71.012240052223206     
   0.0000000000000000        0.0000000000000000        0.0000000000000000     
           5 m=   1.1257875437577201E-007 r=   1.0000000000000000      d=   3.0000000000000000     
  0.56979623637541899        7.8786504268646244E-003  0.10262121260166168     
   22.870378196239471        357.79151201248169        121.28949165344238     
   0.0000000000000000        0.0000000000000000        0.0000000000000000     
           6 m=   1.3833864503085674E-007 r=   1.0000000000000000      d=   3.0000000000000000     
  0.58861553316798076        1.3904163837432862E-002  0.26935106515884399     
   66.716349720954895        204.68413352966309        216.17222785949707     
   0.0000000000000000        0.0000000000000000        0.0000000000000000     
           7 m=   1.5235048489169836E-007 r=   1.0000000000000000      d=   3.0000000000000000     
  0.61175841269610698        2.7519467473030089E-003  0.22213251888751984     
   75.546106696128845        267.30867147445679        39.111891388893127     
   0.0000000000000000        0.0000000000000000        0.0000000000000000     
           8 m=   1.7434712325790540E-007 r=   1.0000000000000000      d=   3.0000000000000000     
  0.63726895851402876        4.8492279648780822E-003  0.12273040413856506     
   127.75686621665955        206.99862241744995        144.58499193191528     
   0.0000000000000000        0.0000000000000000        0.0000000000000000     
           9 m=   9.8740739367454490E-008 r=   1.0000000000000000      d=   3.0000000000000000     
  0.66649256824465697        1.9526954889297485E-002  0.19549463689327240     
   285.96197605133057        213.43523740768433        6.3781823962926865     
   0.0000000000000000        0.0000000000000000        0.0000000000000000     
          10 m=   1.4513901673456390E-007 r=   1.0000000000000000      d=   3.0000000000000000     
  0.68306259136965586        2.7795888483524324E-004   8.4305055439472198E-002
   311.14191055297852        94.020953178405762        48.117231130599976     
   0.0000000000000000        0.0000000000000000        0.0000000000000000     
          11 m=   8.1960527251319142E-008 r=   1.0000000000000000      d=   3.0000000000000000     
  0.70743501773645623        6.7499077320098879E-003  0.19653242826461792     
   102.25624680519104        228.66085052490234        346.88183069229126     
   0.0000000000000000        0.0000000000000000        0.0000000000000000     
          12 m=   2.1683310873149777E-007 r=   1.0000000000000000      d=   3.0000000000000000     
  0.72121163922553788        1.2173011302947997E-002   7.7534504234790802E-002
   99.039709568023682        218.86656045913696        305.82422733306885     
   0.0000000000000000        0.0000000000000000        0.0000000000000000     
          13 m=   1.6273766489742178E-007 r=   1.0000000000000000      d=   3.0000000000000000     
  0.75767887992515448        5.4372131824493410E-003  0.15930312871932983     
   172.92794823646545        89.392806887626648        121.64356470108032     
   0.0000000000000000        0.0000000000000000        0.0000000000000000     
          14 m=   1.1156765402139216E-007 r=   1.0000000000000000      d=   3.0000000000000000     
  0.78508823949397100        4.9913161993026733E-003  0.37620207667350769     
   99.955319166183472        200.97513198852539        45.898196697235107     
   0.0000000000000000        0.0000000000000000        0.0000000000000000     
          15 m=   2.0912123085418720E-007 r=   1.0000000000000000      d=   3.0000000000000000     
  0.80389981883207906        2.3699435591697693E-003  0.30969741940498352     
   102.89924740791321        158.24114799499512        200.82844734191895     
   0.0000000000000000        0.0000000000000000        0.0000000000000000     
          16 m=   2.3410771522295871E-007 r=   1.0000000000000000      d=   3.0000000000000000     
  0.83918658621412667        7.0408707857131962E-003  0.19963924586772919     
   248.40826034545898        301.79509878158569        241.12904548645020     
   0.0000000000000000        0.0000000000000000        0.0000000000000000     
          17 m=   1.6943235498389033E-007 r=   1.0000000000000000      d=   3.0000000000000000     
  0.87874532787317516        3.2245680689811707E-003  0.16816675662994385     
   193.47983837127686        276.20873451232910        231.74923181533813     
   0.0000000000000000        0.0000000000000000        0.0000000000000000     
          18 m=   2.9998678486446664E-007 r=   1.0000000000000000      d=   3.0000000000000000     
  0.90742078137472881        1.5793656110763551E-002  0.20407100021839142     
   286.95999383926392        326.74771070480347        1.9055500812828541     
   0.0000000000000000        0.0000000000000000        0.0000000000000000     
          19 m=   1.2504243413114092E-007 r=   1.0000000000000000      d=   3.0000000000000000     
  0.95825009143871720        1.3866510391235352E-002   5.2820662967860699E-003
   185.69179773330688        251.39027595520020        95.299583673477173     
   0.0000000000000000        0.0000000000000000        0.0000000000000000     
          20 m=   1.2699842431193988E-007 r=   1.0000000000000000      d=   3.0000000000000000     
  0.97948021423682397        7.8587579727172861E-003  0.19675587117671967     
   270.45286417007446        344.30227518081665        105.74933052062988     
   0.0000000000000000        0.0000000000000000        0.0000000000000000     
          21 m=   2.1115299323945562E-007 r=   1.0000000000000000      d=   3.0000000000000000     
   1.0010607501094975        1.6185510158538818E-002  0.41233292222023010     
   37.095487117767334        100.38461208343506        301.98229551315308     
   0.0000000000000000        0.0000000000000000        0.0000000000000000     
          22 m=   2.9295775789974784E-007 r=   1.0000000000000000      d=   3.0000000000000000     
   1.0369724552434287        1.4615305662155152E-002  0.43654415011405945     
   356.34629487991333        327.74592161178589        24.234906435012817     
   0.0000000000000000        0.0000000000000000        0.0000000000000000     
          23 m=   3.9186016199122502E-007 r=   1.0000000000000000      d=   3.0000000000000000     
   1.0868686742920644        2.7676898241043089E-003  0.36505776643753052     
   261.99809074401855        293.58567237854004        192.46931076049805     
   0.0000000000000000        0.0000000000000000        0.0000000000000000     
          24 m=   1.8809678637238513E-007 r=   1.0000000000000000      d=   3.0000000000000000     
   1.1537431721806919        7.8389376401901238E-003  0.39729249477386475     
   153.09586644172668        108.84591937065125        245.24269580841064     
   0.0000000000000000        0.0000000000000000        0.0000000000000000     
          25 m=   2.1371998927145132E-007 r=   1.0000000000000000      d=   3.0000000000000000     
   1.1859295811531354        4.9085912108421323E-003  0.40944021940231323     
   214.61060285568237        173.01746964454651        334.43777561187744     
   0.0000000000000000        0.0000000000000000        0.0000000000000000     
          26 m=   2.5037646294025329E-007 r=   1.0000000000000000      d=   3.0000000000000000     
   1.2225476492927774        9.2573314905166626E-003  0.15659125149250031     
   184.41974401473999        301.79273843765259        140.42681694030762     
   0.0000000000000000        0.0000000000000000        0.0000000000000000     
          27 m=   3.6596796770740510E-007 r=   1.0000000000000000      d=   3.0000000000000000     
   1.2655091957178903        1.0551589727401734E-002  0.22386251389980316     
   76.262036561965942        209.91622209548950        24.869012832641602     
   0.0000000000000000        0.0000000000000000        0.0000000000000000     
          28 m=   3.4104642731950121E-007 r=   1.0000000000000000      d=   3.0000000000000000     
   1.3284128388180509        4.2444461584091190E-003   1.4369772747159004E-002
   95.462361574172974        312.76782274246216        305.22667407989502     
   0.0000000000000000        0.0000000000000000        0.0000000000000000     
          29 m=   3.6857830026862449E-007 r=   1.0000000000000000      d=   3.0000000000000000     
   1.3871805770932375        3.7858486175537109E-003  0.31613689661026001     
   235.26584386825562        26.686220169067383        153.73425364494324     
   0.0000000000000000        0.0000000000000000        0.0000000000000000     
          30 m=   4.4183837354915017E-007 r=   1.0000000000000000      d=   3.0000000000000000     
   1.4508419698321453        7.9180091619491574E-003  0.16626068949699402     
   125.00877141952515        241.88592195510864        285.05678415298462     
   0.0000000000000000        0.0000000000000000        0.0000000000000000     
          31 m=   5.9587214263780950E-007 r=   1.0000000000000000      d=   3.0000000000000000     
   1.5273515318538835        1.6623700857162475E-002  0.39457720518112183     
   70.719562768936157        308.92438888549805        75.571453571319580     
   0.0000000000000000        0.0000000000000000        0.0000000000000000     
          32 m=   5.9855581679178946E-007 r=   1.0000000000000000      d=   3.0000000000000000     
   1.6308501315415191        8.2848662137985224E-003  0.31013858318328857     
   298.24059247970581        154.00532841682434        202.02655792236328     
   0.0000000000000000        0.0000000000000000        0.0000000000000000     
          33 m=   3.4028921118807677E-007 r=   1.0000000000000000      d=   3.0000000000000000     
   1.7352461659909293        9.0416640043258674E-003  0.17671281099319458     
   164.35264706611633        68.640491366386414        260.95492601394653     
   0.0000000000000000        0.0000000000000000        0.0000000000000000     
          34 m=   7.8646348276265078E-007 r=   1.0000000000000000      d=   3.0000000000000000     
   1.7948454539672478        1.4860954284667969E-002  0.33218476176261902     
   77.360004186630249        166.13156318664551        13.000374734401703     
   0.0000000000000000        0.0000000000000000        0.0000000000000000     
          35 m=   8.1135785317204634E-007 r=   1.0000000000000000      d=   3.0000000000000000     
   1.9329178301824705        1.5368379652500152E-003   7.7684499323368073E-002
   218.26375007629395        73.630886077880859        100.84364533424377     
   0.0000000000000000        0.0000000000000000        0.0000000000000000     
          36 m=   7.3027189234753542E-007 r=   1.0000000000000000      d=   3.0000000000000000     
   2.0761495622693547        1.5560609102249146E-002  0.17596565186977386     
   129.93162274360657        128.40849280357361        334.47539091110229     
   0.0000000000000000        0.0000000000000000        0.0000000000000000     
          37 m=   9.8338690196598729E-007 r=   1.0000000000000000      d=   3.0000000000000000     
   2.2058076389445835        1.5159153938293457E-002   1.4556295238435268E-002
   31.144156157970428        54.517920613288879        320.39671182632446     
   0.0000000000000000        0.0000000000000000        0.0000000000000000     
          38 m=   1.2214799295696405E-006 r=   1.0000000000000000      d=   3.0000000000000000     
   2.3813135712756921        1.3876019716262818E-002   6.1508920043706894E-002
   205.81572532653809        358.22892665863037        18.285561650991440     
   0.0000000000000000        0.0000000000000000        0.0000000000000000     
          39 m=   6.0736184956636074E-007 r=   1.0000000000000000      d=   3.0000000000000000     
   2.6008479637819866        6.6025078296661375E-003  0.41017106175422668     
   280.08705854415894        147.07843780517578        304.58950996398926     
   0.0000000000000000        0.0000000000000000        0.0000000000000000     
          40 m=   1.7294114160735447E-006 r=   1.0000000000000000      d=   1.5000000000000000     
   2.7000000000000002        2.1915255486965181E-003  0.27423530817031860     
   189.44470167160034        105.05721330642700        210.13691425323486     
   0.0000000000000000        0.0000000000000000        0.0000000000000000     
          41 m=   4.3768543349013787E-006 r=   1.0000000000000000      d=   1.5000000000000000     
   2.8574057915786235        1.3388787508010865E-002  0.29118281602859497     
   133.71680974960327        219.89131450653076        180.45056819915771     
   0.0000000000000000        0.0000000000000000        0.0000000000000000     
          42 m=   2.7069817729730812E-006 r=   1.0000000000000000      d=   1.5000000000000000     
   3.2582899530948093        8.0714291334152231E-003  0.32195550203323364     
   54.223001003265381        118.25745820999146        62.341033816337585     
   0.0000000000000000        0.0000000000000000        0.0000000000000000     
          43 m=   2.5824919001449512E-006 r=   1.0000000000000000      d=   1.5000000000000000     
   3.5102352220751931        1.4974199533462525E-002  0.13215807080268860     
   202.81933307647705        209.77114677429199        299.67703342437744     
   0.0000000000000000        0.0000000000000000        0.0000000000000000     
          44 m=   5.3637443773136109E-006 r=   1.0000000000000000      d=   1.5000000000000000     
   3.7530284570725780        1.0239869356155396E-002   9.3299664556980133E-002
   326.75901889801025        191.72178983688354        165.15104413032532     
   0.0000000000000000        0.0000000000000000        0.0000000000000000     
          45 m=   3.3101263167513013E-006 r=   1.0000000000000000      d=   1.5000000000000000     
   4.2622226433378865        1.9504539966583252E-002  0.43774580955505371     
   211.91436052322388        54.816777706146240        344.45187807083130     
   0.0000000000000000        0.0000000000000000        0.0000000000000000     
          46 m=   4.4944184456180736E-006 r=   1.0000000000000000      d=   1.5000000000000000     
   4.5829275025421081        1.1814145743846893E-003  0.25342428684234619     
   348.71764183044434        323.63873004913330        67.556326389312744     
   0.0000000000000000        0.0000000000000000        0.0000000000000000     
