)O+_06 Big-body initial data  (WARNING: Do not delete  this line!!)
) Lines beginning with `)` are ignored.
)--------------------------------------------------
style (Cartesian, Asteroidal, Cometary) = Asteroidal
epoch (in days) = 0.
)--------------------------------------------------
           1 m=   1.2131404182435641E-007 r=   1.0000000000000000      d=   3.0000000000000000     
  0.50000000000000000        1.3761341571807861E-002  0.34125056862831116     
   243.44411373138428        93.874922990798950        79.497633576393127     
   0.0000000000000000        0.0000000000000000        0.0000000000000000     
           2 m=   1.2783731669789267E-007 r=   1.0000000000000000      d=   3.0000000000000000     
  0.52022299804465200        5.7832634449005126E-003  0.32515344023704529     
   356.39369487762451        67.876989841461182        195.86674690246582     
   0.0000000000000000        0.0000000000000000        0.0000000000000000     
           3 m=   6.6111360681283553E-008 r=   1.0000000000000000      d=   3.0000000000000000     
  0.54155066857703549        9.6286076307296759E-003  0.13573156297206879     
   122.25407838821411        289.44344043731689        37.059996128082275     
   0.0000000000000000        0.0000000000000000        0.0000000000000000     
           4 m=   1.3696786305938500E-007 r=   1.0000000000000000      d=   3.0000000000000000     
  0.55258973565457392        6.1613434553146364E-003  0.17474652826786041     
   351.79892063140869        31.482833325862885        103.17038655281067     
   0.0000000000000000        0.0000000000000000        0.0000000000000000     
           5 m=   6.7359190123310397E-008 r=   1.0000000000000000      d=   3.0000000000000000     
  0.57547029961902829        8.2163947820663458E-003  0.38809025287628174     
   353.86984348297119        129.52334761619568        194.77562427520752     
   0.0000000000000000        0.0000000000000000        0.0000000000000000     
           6 m=   1.5370792375668741E-007 r=   1.0000000000000000      d=   3.0000000000000000     
  0.58673299603060791        1.2148549556732178E-002  0.15384435653686523     
   3.0998769029974937        60.720641613006592        176.18397831916809     
   0.0000000000000000        0.0000000000000000        0.0000000000000000     
           7 m=   6.9109171902353713E-008 r=   1.0000000000000000      d=   3.0000000000000000     
  0.61244508902932515        8.3281922340393069E-003  0.49983283877372742     
   244.15749549865723        106.26236200332642        156.35544776916504     
   0.0000000000000000        0.0000000000000000        0.0000000000000000     
           8 m=   9.0734260159691268E-008 r=   1.0000000000000000      d=   3.0000000000000000     
  0.62401749146004759        7.6180875301361086E-003  0.42782843112945557     
   358.08434486389160        128.79980564117432        218.90745878219604     
   0.0000000000000000        0.0000000000000000        0.0000000000000000     
           9 m=   8.0896474406201993E-008 r=   1.0000000000000000      d=   3.0000000000000000     
  0.63921807198372127        7.4265110492706303E-003  0.47007039189338684     
   283.96134853363037        35.118897557258606        142.22951889038086     
   0.0000000000000000        0.0000000000000000        0.0000000000000000     
          10 m=   1.7016669402135404E-007 r=   1.0000000000000000      d=   3.0000000000000000     
  0.65277878508634446        1.2819185256958007E-002   8.5719369351863861E-002
   75.276453495025635        295.05148887634277        350.46946763992310     
   0.0000000000000000        0.0000000000000000        0.0000000000000000     
          11 m=   1.7720580314226777E-007 r=   1.0000000000000000      d=   3.0000000000000000     
  0.68131938307751427        1.3716354370117187E-002   1.8488340079784393E-002
   226.35741233825684        274.68187093734741        156.34124279022217     
   0.0000000000000000        0.0000000000000000        0.0000000000000000     
          12 m=   1.1752412679021176E-007 r=   1.0000000000000000      d=   3.0000000000000000     
  0.71107454019761929        1.0638413429260253E-002  0.40813499689102173     
   143.69208455085754        52.727948427200317        354.65935707092285     
   0.0000000000000000        0.0000000000000000        0.0000000000000000     
          13 m=   2.0014491207377238E-007 r=   1.0000000000000000      d=   3.0000000000000000     
  0.73083186960967950        7.7857637405395509E-003  0.12933023273944855     
   12.708811908960342        157.49648094177246        330.05352258682251     
   0.0000000000000000        0.0000000000000000        0.0000000000000000     
          14 m=   1.0540738247701410E-007 r=   1.0000000000000000      d=   3.0000000000000000     
  0.76450542567392898        5.9113819152116780E-004  0.46748453378677368     
   123.53045582771301        306.86867952346802        323.92143487930298     
   0.0000000000000000        0.0000000000000000        0.0000000000000000     
          15 m=   2.1451355010529908E-007 r=   1.0000000000000000      d=   3.0000000000000000     
  0.78226368632818155        1.7278485298156739E-002   1.4367032563313842E-003
   223.33269596099854        115.97235560417175        352.30935573577881     
   0.0000000000000000        0.0000000000000000        0.0000000000000000     
          16 m=   2.4451659068299595E-007 r=   1.0000000000000000      d=   3.0000000000000000     
  0.81842903198241246        3.9868402481079103E-003  0.31193658709526062     
   91.330622434616089        299.41303968429565        27.715536653995514     
   0.0000000000000000        0.0000000000000000        0.0000000000000000     
          17 m=   2.2565941952237195E-007 r=   1.0000000000000000      d=   3.0000000000000000     
  0.85971233888017085        4.1988164186477659E-003  0.23891207575798035     
   167.43584632873535        185.69714069366455        192.94886827468872     
   0.0000000000000000        0.0000000000000000        0.0000000000000000     
          18 m=   1.5081673783396939E-007 r=   1.0000000000000000      d=   3.0000000000000000     
  0.89787483538150825        6.2098824977874761E-003  0.26803240180015564     
   17.777178436517715        323.90330314636230        185.04390478134155     
   0.0000000000000000        0.0000000000000000        0.0000000000000000     
          19 m=   1.6925416605752056E-007 r=   1.0000000000000000      d=   3.0000000000000000     
  0.92341924113806750        1.9954365491867066E-002  0.29787343740463257     
   49.473028779029846        300.07415056228638        154.15751695632935     
   0.0000000000000000        0.0000000000000000        0.0000000000000000     
          20 m=   1.8471140409705812E-007 r=   1.0000000000000000      d=   3.0000000000000000     
  0.95211577084805166        4.9279391765594488E-004  0.21408233046531677     
   249.99662160873413        5.5852087587118149        340.07067203521729     
   0.0000000000000000        0.0000000000000000        0.0000000000000000     
          21 m=   1.3179063385095962E-007 r=   1.0000000000000000      d=   3.0000000000000000     
  0.98346899681687994        1.6719807386398316E-002  0.16099342703819275     
   171.33559584617615        10.903539061546326        312.07383871078491     
   0.0000000000000000        0.0000000000000000        0.0000000000000000     
          22 m=   1.5229678559621322E-007 r=   1.0000000000000000      d=   3.0000000000000000     
   1.0058674347106824        1.3414757251739502E-002  0.30607941746711731     
   72.477090954780579        16.493081599473953        282.75184392929077     
   0.0000000000000000        0.0000000000000000        0.0000000000000000     
          23 m=   3.7505504319952204E-007 r=   1.0000000000000000      d=   3.0000000000000000     
   1.0317741899514656        1.2926157712936402E-002  0.22756308317184448     
   307.18539476394653        341.18232965469360        217.43359565734863     
   0.0000000000000000        0.0000000000000000        0.0000000000000000     
          24 m=   2.9438859566903047E-007 r=   1.0000000000000000      d=   3.0000000000000000     
   1.0956398405886310        9.4111859798431393E-005  0.10268720239400864     
   300.48555850982666        285.95807075500488        313.85862350463867     
   0.0000000000000000        0.0000000000000000        0.0000000000000000     
          25 m=   1.7073954210539688E-007 r=   1.0000000000000000      d=   3.0000000000000000     
   1.1458975595174699        1.1222606897354126E-002  0.30952337384223938     
   218.24714183807373        189.50512647628784        324.47369098663330     
   0.0000000000000000        0.0000000000000000        0.0000000000000000     
          26 m=   3.9896996338142651E-007 r=   1.0000000000000000      d=   3.0000000000000000     
   1.1751046953022748        5.6297296285629274E-003   7.1844309568405151E-002
   347.07902669906616        334.19903755187988        156.81465268135071     
   0.0000000000000000        0.0000000000000000        0.0000000000000000     
          27 m=   4.0959339944694302E-007 r=   1.0000000000000000      d=   3.0000000000000000     
   1.2434332820342151        8.8408172130584727E-003  0.36979943513870239     
   66.537891626358032        11.086713150143623        261.98146104812622     
   0.0000000000000000        0.0000000000000000        0.0000000000000000     
          28 m=   3.0171301095285932E-007 r=   1.0000000000000000      d=   3.0000000000000000     
   1.3137732515541600        1.6405231952667236E-002   5.5184178054332733E-002
   111.56069040298462        299.54311609268188        219.32206392288208     
   0.0000000000000000        0.0000000000000000        0.0000000000000000     
          29 m=   2.8938562473074229E-007 r=   1.0000000000000000      d=   3.0000000000000000     
   1.3657327793664749        6.0454088449478152E-003   2.1490931510925293E-002
   239.18603181838989        186.41537189483643        342.32213973999023     
   0.0000000000000000        0.0000000000000000        0.0000000000000000     
          30 m=   5.9532765537257844E-007 r=   1.0000000000000000      d=   3.0000000000000000     
   1.4156730325677824        9.5261812210083018E-003  0.17230346798896790     
   226.00102186203003        248.91227960586548        323.80047798156738     
   0.0000000000000000        0.0000000000000000        0.0000000000000000     
          31 m=   2.4415042375010922E-007 r=   1.0000000000000000      d=   3.0000000000000000     
   1.5186161687679562        8.6708098649978648E-003  0.15514677762985229     
   333.69939565658569        118.25474381446838        252.72110223770142     
   0.0000000000000000        0.0000000000000000        0.0000000000000000     
          32 m=   2.4774248290735866E-007 r=   1.0000000000000000      d=   3.0000000000000000     
   1.5610084829428450        1.2073193490505219E-003  0.16302770376205444     
   259.76312398910522        225.87156772613525        22.878371179103851     
   0.0000000000000000        0.0000000000000000        0.0000000000000000     
          33 m=   6.2708539131338773E-007 r=   1.0000000000000000      d=   3.0000000000000000     
   1.6040974971614379        1.5881384611129760E-002  0.42318716645240784     
   328.68947982788086        261.56968832015991        148.13060402870178     
   0.0000000000000000        0.0000000000000000        0.0000000000000000     
          34 m=   7.5762251661330098E-007 r=   1.0000000000000000      d=   3.0000000000000000     
   1.7133524890214755        1.3293519020080566E-002  0.33962738513946533     
   264.24747705459595        144.55836296081543        36.130355894565582     
   0.0000000000000000        0.0000000000000000        0.0000000000000000     
          35 m=   7.2163924086609377E-007 r=   1.0000000000000000      d=   3.0000000000000000     
   1.8459286480531552        9.0036624670028695E-003  0.31053486466407776     
   227.66384124755859       0.86745179258286953        282.48257160186768     
   0.0000000000000000        0.0000000000000000        0.0000000000000000     
          36 m=   8.8909315865293466E-007 r=   1.0000000000000000      d=   3.0000000000000000     
   1.9728795479889918        3.4408250451087954E-003  0.22336253523826599     
   117.02338457107544        218.37078094482422        222.80601739883423     
   0.0000000000000000        0.0000000000000000        0.0000000000000000     
          37 m=   9.8104442331048110E-007 r=   1.0000000000000000      d=   3.0000000000000000     
   2.1300852427894328        4.4115892052650450E-003  0.24721409380435944     
   16.293338835239410        13.827333301305771        341.54683113098145     
   0.0000000000000000        0.0000000000000000        0.0000000000000000     
          38 m=   1.1084947871057276E-006 r=   1.0000000000000000      d=   3.0000000000000000     
   2.3046435902976898        1.7178243398666384E-002   4.6058788895606995E-002
   356.58951759338379        116.76359653472900        224.83179330825806     
   0.0000000000000000        0.0000000000000000        0.0000000000000000     
          39 m=   5.2213777373288696E-007 r=   1.0000000000000000      d=   3.0000000000000000     
   2.5032613105507475        1.3718317747116088E-002  0.28657737374305725     
   306.81750297546387        116.27000570297241        213.53866338729858     
   0.0000000000000000        0.0000000000000000        0.0000000000000000     
          40 m=   1.2013212825345248E-006 r=   1.0000000000000000      d=   3.0000000000000000     
   2.5975630696082979        1.6048004627227785E-002   8.9712403714656830E-002
   196.61267995834351        184.08627033233643        56.041710376739502     
   0.0000000000000000        0.0000000000000000        0.0000000000000000     
          41 m=   3.2176793630298930E-006 r=   1.0000000000000000      d=   1.5000000000000000     
   2.7000000000000002        5.9749156236648558E-003  0.15998983383178711     
   97.460371255874634        310.67898273468018        239.83699321746826     
   0.0000000000000000        0.0000000000000000        0.0000000000000000     
          42 m=   4.2812987027284709E-006 r=   1.0000000000000000      d=   1.5000000000000000     
   2.9928634346209169        1.4066693782806396E-002  0.48296430706977844     
   154.47132468223572        357.84243106842041        347.43112564086914     
   0.0000000000000000        0.0000000000000000        0.0000000000000000     
          43 m=   2.8830932137492614E-006 r=   1.0000000000000000      d=   1.5000000000000000     
   3.3871259373631295        1.7087894678115844E-002  0.16021169722080231     
   260.38689851760864        87.802535891532898        207.70966529846191     
   0.0000000000000000        0.0000000000000000        0.0000000000000000     
          44 m=   2.3703362191141074E-006 r=   1.0000000000000000      d=   1.5000000000000000     
   3.6568487440477675        1.9104108810424805E-002  0.22581753134727478     
   292.34041929244995        292.65653371810913        321.35820865631104     
   0.0000000000000000        0.0000000000000000        0.0000000000000000     
          45 m=   3.8137776637502126E-006 r=   1.0000000000000000      d=   1.5000000000000000     
   3.8810068787667036        3.8027155399322512E-003   8.2669509574770927E-003
   237.06487655639648        240.52162170410156        259.40486669540405     
   0.0000000000000000        0.0000000000000000        0.0000000000000000     
          46 m=   6.8856699225299258E-006 r=   1.0000000000000000      d=   1.5000000000000000     
   4.2449168436278990        9.9488431215286263E-003  0.32463470101356506     
   326.18187189102173        265.64383506774902        49.122624993324280     
   0.0000000000000000        0.0000000000000000        0.0000000000000000     
          47 m=   4.2405290657340178E-006 r=   1.0000000000000000      d=   1.5000000000000000     
   4.9115801329454385        1.5452059507369996E-002  0.35901516675949097     
   291.90248966217041        212.97617197036743        84.229833483695984     
   0.0000000000000000        0.0000000000000000        0.0000000000000000     
