)O+_06 Big-body initial data  (WARNING: Do not delete  this line!!)
) Lines beginning with `)` are ignored.
)--------------------------------------------------
style (Cartesian, Asteroidal, Cometary) = Asteroidal
epoch (in days) = 0.
)--------------------------------------------------
           1 m=   8.1073649625592355E-008 r=   1.0000000000000000      d=   3.0000000000000000     
  0.50000000000000000        1.6631430387496947E-002  0.16979017853736877     
   210.11762380599976        26.054425835609436        302.21390962600708     
   0.0000000000000000        0.0000000000000000        0.0000000000000000     
           2 m=   1.0150432616627299E-007 r=   1.0000000000000000      d=   3.0000000000000000     
  0.51351494215504723        1.6174470186233521E-002  0.46711623668670654     
   168.78256201744080        70.804610252380371        42.342089116573334     
   0.0000000000000000        0.0000000000000000        0.0000000000000000     
           3 m=   1.2381176009158369E-007 r=   1.0000000000000000      d=   3.0000000000000000     
  0.53044481898836160        4.7547891736030579E-003   5.0358593463897705E-002
   63.176402449607849        118.39559197425842        102.29426980018616     
   0.0000000000000000        0.0000000000000000        0.0000000000000000     
           4 m=   6.6190588200199772E-008 r=   1.0000000000000000      d=   3.0000000000000000     
  0.55110933536426443        1.3399012088775634E-002  0.32761681079864502     
   54.721913337707520        101.45010352134705        77.943325638771057     
   0.0000000000000000        0.0000000000000000        0.0000000000000000     
           5 m=   8.6472121877422978E-008 r=   1.0000000000000000      d=   3.0000000000000000     
  0.56216585822037479        1.1886364221572876E-002  0.41285452246665955     
   338.29103708267212        160.62281012535095        188.77228260040283     
   0.0000000000000000        0.0000000000000000        0.0000000000000000     
           6 m=   7.4477221998106693E-008 r=   1.0000000000000000      d=   3.0000000000000000     
  0.57661661245495910        1.3877592086791993E-002  0.39239731431007385     
   118.93170118331909        181.43096923828125        191.81328535079956     
   0.0000000000000000        0.0000000000000000        0.0000000000000000     
           7 m=   1.0309567843125601E-007 r=   1.0000000000000000      d=   3.0000000000000000     
  0.58907004014662956        1.4792857170104980E-002   6.8644724786281586E-002
   294.30422544479370        235.21539688110352        318.99260759353638     
   0.0000000000000000        0.0000000000000000        0.0000000000000000     
           8 m=   1.2032489269208399E-007 r=   1.0000000000000000      d=   3.0000000000000000     
  0.60631738446286365        1.8194344043731690E-002  0.13928963243961334     
   61.975652575492859        286.16951465606689        6.2932884693145752     
   0.0000000000000000        0.0000000000000000        0.0000000000000000     
           9 m=   9.2136438845521046E-008 r=   1.0000000000000000      d=   3.0000000000000000     
  0.62646097443438120        1.8313884735107422E-002   4.2852003127336502E-002
   90.247482061386108        134.59948182106018        80.990138053894043     
   0.0000000000000000        0.0000000000000000        0.0000000000000000     
          10 m=   1.3586973299582582E-007 r=   1.0000000000000000      d=   3.0000000000000000     
  0.64189796867063453        4.6271097660064700E-003  0.37209787964820862     
   189.96880531311035        179.40136313438416        23.386274278163910     
   0.0000000000000000        0.0000000000000000        0.0000000000000000     
          11 m=   1.1550524528509737E-007 r=   1.0000000000000000      d=   3.0000000000000000     
  0.66467631593437637        1.0487058162689210E-002  0.15798221528530121     
   108.36013913154602        214.91173982620239        348.14566612243652     
   0.0000000000000000        0.0000000000000000        0.0000000000000000     
          12 m=   2.0532773013454133E-007 r=   1.0000000000000000      d=   3.0000000000000000     
  0.68405824031478346        7.5585108995437624E-003  0.34908795356750488     
   107.56762146949768        36.107280850410461        187.08523750305176     
   0.0000000000000000        0.0000000000000000        0.0000000000000000     
          13 m=   1.9342647638891831E-007 r=   1.0000000000000000      d=   3.0000000000000000     
  0.71853921175006286        6.8184733390808105E-003  0.32454860210418701     
   81.894235610961914        322.09158897399902        130.33675432205200     
   0.0000000000000000        0.0000000000000000        0.0000000000000000     
          14 m=   1.2779916327968721E-007 r=   1.0000000000000000      d=   3.0000000000000000     
  0.75106642095004916        1.7476600408554078E-002   6.3876286149024963E-003
   50.745543837547302        317.48587131500244        85.852741599082947     
   0.0000000000000000        0.0000000000000000        0.0000000000000000     
          15 m=   1.6636982592870919E-007 r=   1.0000000000000000      d=   3.0000000000000000     
  0.77258551325203950        1.9628883600234986E-002   3.2562963664531708E-002
   270.32317399978638        298.06401729583740        15.000982135534286     
   0.0000000000000000        0.0000000000000000        0.0000000000000000     
          16 m=   1.8688384325811223E-007 r=   1.0000000000000000      d=   3.0000000000000000     
  0.80062333853211765        4.4451096653938295E-003   6.2048323452472687E-002
   47.279716730117798        251.02611780166626        160.14996886253357     
   0.0000000000000000        0.0000000000000000        0.0000000000000000     
          17 m=   2.0700632609368863E-007 r=   1.0000000000000000      d=   3.0000000000000000     
  0.83215367364318638        1.9483834505081177E-003  0.47266140580177307     
   293.15445899963379        201.50593042373657        173.45666527748108     
   0.0000000000000000        0.0000000000000000        0.0000000000000000     
          18 m=   2.2875309176526655E-007 r=   1.0000000000000000      d=   3.0000000000000000     
  0.86712307401716660        5.2714651823043820E-003  0.30723726749420166     
   307.43331670761108        351.51544332504272        64.290280938148499     
   0.0000000000000000        0.0000000000000000        0.0000000000000000     
          19 m=   2.0134008210567957E-007 r=   1.0000000000000000      d=   3.0000000000000000     
  0.90582022759670744        1.7549030780792237E-002  0.15722987055778503     
   340.13399362564087        228.63008022308350        330.50634384155273     
   0.0000000000000000        0.0000000000000000        0.0000000000000000     
          20 m=   2.3174801509271884E-007 r=   1.0000000000000000      d=   3.0000000000000000     
  0.93993280454240014        1.4403944015502931E-002  0.45386773347854614     
   79.997661709785461        85.141816735267639        347.02252864837646     
   0.0000000000000000        0.0000000000000000        0.0000000000000000     
          21 m=   1.6448932933192869E-007 r=   1.0000000000000000      d=   3.0000000000000000     
  0.97925093924284023        1.1305579543113709E-003  0.49768579006195068     
   249.17989969253540        191.86006307601929        201.19125366210938     
   0.0000000000000000        0.0000000000000000        0.0000000000000000     
          22 m=   1.6398275094094991E-007 r=   1.0000000000000000      d=   3.0000000000000000     
   1.0072019578226428        1.8241910934448241E-002  0.15107935667037964     
   3.0905267223715782        102.63032913208008        237.73060083389282     
   0.0000000000000000        0.0000000000000000        0.0000000000000000     
          23 m=   3.4924199768889011E-007 r=   1.0000000000000000      d=   3.0000000000000000     
   1.0350980671059580        1.9458867311477661E-002  0.23392744362354279     
   147.85299539566040        36.572241783142090        83.475714325904846     
   0.0000000000000000        0.0000000000000000        0.0000000000000000     
          24 m=   3.0703820965077964E-007 r=   1.0000000000000000      d=   3.0000000000000000     
   1.0945760917840262        8.3106702566146853E-003  0.21174897253513336     
   323.26002359390259        221.55218124389648        46.894031167030334     
   0.0000000000000000        0.0000000000000000        0.0000000000000000     
          25 m=   4.3341018581374524E-007 r=   1.0000000000000000      d=   3.0000000000000000     
   1.1469911095258933        7.3377430438995367E-003  0.33232656121253967     
   311.39071226119995        221.80907249450684        74.300622940063477     
   0.0000000000000000        0.0000000000000000        0.0000000000000000     
          26 m=   4.3758127173941755E-007 r=   1.0000000000000000      d=   3.0000000000000000     
   1.2211345898184047        1.0729892253875732E-002  0.18588507175445557     
   100.36859393119812        255.41348218917847        315.44222116470337     
   0.0000000000000000        0.0000000000000000        0.0000000000000000     
          27 m=   4.8814459051269645E-007 r=   1.0000000000000000      d=   3.0000000000000000     
   1.2962139537337052        8.6681920289993289E-003  0.17019811272621155     
   122.93483376502991        75.311606526374817        16.584991514682770     
   0.0000000000000000        0.0000000000000000        0.0000000000000000     
          28 m=   3.4387250533058584E-007 r=   1.0000000000000000      d=   3.0000000000000000     
   1.3802207846212353        3.3355304598808289E-003   4.3889782391488552E-003
   124.19242501258850        355.81708431243896        40.714865326881409     
   0.0000000000000000        0.0000000000000000        0.0000000000000000     
          29 m=   4.2710103124527574E-007 r=   1.0000000000000000      d=   3.0000000000000000     
   1.4395984231351739        1.1233658790588378E-002  0.27259176969528198     
   4.5298735052347183        265.15758275985718        100.66032171249390     
   0.0000000000000000        0.0000000000000000        0.0000000000000000     
          30 m=   4.3481372792027820E-007 r=   1.0000000000000000      d=   3.0000000000000000     
   1.5135227849460648        1.1566200256347657E-002  0.20518927276134491     
   312.88712739944458        64.132561683654785        271.17133140563965     
   0.0000000000000000        0.0000000000000000        0.0000000000000000     
          31 m=   3.0133258278994336E-007 r=   1.0000000000000000      d=   3.0000000000000000     
   1.5890049604676839        1.4013539552688598E-002  0.28126868605613708     
   131.10182762145996        180.01879692077637        135.16860365867615     
   0.0000000000000000        0.0000000000000000        0.0000000000000000     
          32 m=   4.8866856564616859E-007 r=   1.0000000000000000      d=   3.0000000000000000     
   1.6414734443781449        1.8271307945251464E-002   8.5118010640144348E-002
   187.93378114700317        161.30018591880798        296.11630439758301     
   0.0000000000000000        0.0000000000000000        0.0000000000000000     
          33 m=   4.2868169634493962E-007 r=   1.0000000000000000      d=   3.0000000000000000     
   1.7267399166871555        1.4588166773319244E-003  0.46354854106903076     
   313.68625402450562        199.53686714172363        4.7860268130898476     
   0.0000000000000000        0.0000000000000000        0.0000000000000000     
          34 m=   5.8239755458079222E-007 r=   1.0000000000000000      d=   3.0000000000000000     
   1.8017949916674230        1.8565590381622313E-002   4.9881521612405777E-002
   107.67382621765137        146.88309788703918        275.95248699188232     
   0.0000000000000000        0.0000000000000000        0.0000000000000000     
          35 m=   7.3169975293854731E-007 r=   1.0000000000000000      d=   3.0000000000000000     
   1.9040697602536487        1.1290107667446137E-003  0.20724251866340637     
   233.11464786529541        243.63143920898438        45.566369891166687     
   0.0000000000000000        0.0000000000000000        0.0000000000000000     
          36 m=   3.7811441671678842E-007 r=   1.0000000000000000      d=   3.0000000000000000     
   2.0330902142781131        1.0368593037128448E-003   8.5850022733211517E-002
   62.581381201744080        348.28177213668823        168.10923099517822     
   0.0000000000000000        0.0000000000000000        0.0000000000000000     
          37 m=   4.2593311678115213E-007 r=   1.0000000000000000      d=   3.0000000000000000     
   2.1001080207013567        1.5649629831314089E-002  0.29100766777992249     
   296.39473915100098        26.037755906581879        16.739368736743927     
   0.0000000000000000        0.0000000000000000        0.0000000000000000     
          38 m=   6.5703833257964651E-007 r=   1.0000000000000000      d=   3.0000000000000000     
   2.1758039629072568        6.8789958953857427E-003   2.0739942789077759E-002
   85.087759494781494        236.55152320861816        207.16685056686401     
   0.0000000000000000        0.0000000000000000        0.0000000000000000     
          39 m=   4.8601663993182528E-007 r=   1.0000000000000000      d=   3.0000000000000000     
   2.2929255292140573        1.4163349866867066E-002   4.6215202659368515E-002
   294.27251100540161        294.61351633071899        303.37899684906006     
   0.0000000000000000        0.0000000000000000        0.0000000000000000     
          40 m=   6.5575815753233816E-007 r=   1.0000000000000000      d=   3.0000000000000000     
   2.3799681407486410        6.7488974332809452E-003  0.25228843092918396     
   299.44344520568848        92.967005968093872        317.94605255126953     
   0.0000000000000000        0.0000000000000000        0.0000000000000000     
          41 m=   1.0641962907386841E-006 r=   1.0000000000000000      d=   3.0000000000000000     
   2.4978200332458926        1.1575152873992920E-002  0.38294813036918640     
   164.94108080863953        178.35247993469238        196.94868564605713     
   0.0000000000000000        0.0000000000000000        0.0000000000000000     
          42 m=   8.1867315513560618E-007 r=   1.0000000000000000      d=   3.0000000000000000     
   2.6899795496061913        3.3808629959821703E-004  0.42191064357757568     
   348.70047569274902        225.06548881530762        335.89985847473145     
   0.0000000000000000        0.0000000000000000        0.0000000000000000     
          43 m=   2.2135838476049364E-006 r=   1.0000000000000000      d=   1.5000000000000000     
   2.7000000000000002        2.4983752518892288E-004  0.11706127226352692     
   167.39145040512085        107.53133654594421        285.93176364898682     
   0.0000000000000000        0.0000000000000000        0.0000000000000000     
          44 m=   3.0020515466246032E-006 r=   1.0000000000000000      d=   1.5000000000000000     
   2.9014737005431521        5.8466529846191405E-003  0.38525322079658508     
   212.95235395431519        53.622282743453979        125.85233688354492     
   0.0000000000000000        0.0000000000000000        0.0000000000000000     
          45 m=   2.8173048554954288E-006 r=   1.0000000000000000      d=   1.5000000000000000     
   3.1769222488775046        1.2437447309494018E-002  0.10977004468441010     
   314.31985616683960        296.36991262435913        224.17443752288818     
   0.0000000000000000        0.0000000000000000        0.0000000000000000     
          46 m=   5.6585908436665584E-006 r=   1.0000000000000000      d=   1.5000000000000000     
   3.4382835105991663        4.2285758256912229E-003  0.30992689728736877     
   242.37307548522949        303.27949762344360        3.2327723130583763     
   0.0000000000000000        0.0000000000000000        0.0000000000000000     
          47 m=   5.5227845044446919E-006 r=   1.0000000000000000      d=   1.5000000000000000     
   3.9687475852603438        9.6893864870071407E-003  0.38143104314804077     
   111.48710131645203        283.04617881774902        152.50773310661316     
   0.0000000000000000        0.0000000000000000        0.0000000000000000     
          48 m=   4.8180425140955624E-006 r=   1.0000000000000000      d=   1.5000000000000000     
   4.4975834333431113        1.7313860654830933E-002  0.28757789731025696     
   219.29131507873535        83.369273543357849        92.148159742355347     
   0.0000000000000000        0.0000000000000000        0.0000000000000000     
          49 m=   5.0235083973489159E-006 r=   1.0000000000000000      d=   1.5000000000000000     
   4.9687996594233415        1.9352563619613648E-002   6.6180184483528137E-002
   256.93873643875122        319.82454299926758        176.85565710067749     
   0.0000000000000000        0.0000000000000000        0.0000000000000000     
