)O+_06 Big-body initial data  (WARNING: Do not delete  this line!!)
) Lines beginning with `)` are ignored.
)--------------------------------------------------
style (Cartesian, Asteroidal, Cometary) = Asteroidal
epoch (in days) = 0.
)--------------------------------------------------
           1 m=   8.2973556448774576E-008 r=   1.0000000000000000      d=   3.0000000000000000     
  0.50000000000000000        1.7770260572433472E-002  0.15893703699111938     
   214.71323490142822        220.68215847015381        355.71408748626709     
   0.0000000000000000        0.0000000000000000        0.0000000000000000     
           2 m=   7.4950673076907242E-008 r=   1.0000000000000000      d=   3.0000000000000000     
  0.51383165579670353        8.6681789159774782E-003  0.36169588565826416     
   73.985125422477722        130.07646203041077        305.20839214324951     
   0.0000000000000000        0.0000000000000000        0.0000000000000000     
           3 m=   8.2047388078327345E-008 r=   1.0000000000000000      d=   3.0000000000000000     
  0.52633281497861484        3.6635574698448180E-003   9.0412851423025131E-003
   193.97641181945801        130.07862925529480        351.18201255798340     
   0.0000000000000000        0.0000000000000000        0.0000000000000000     
           4 m=   6.9676716224749444E-008 r=   1.0000000000000000      d=   3.0000000000000000     
  0.54002449293483645        8.6556518077850336E-003  0.48311367630958557     
   317.58822441101074        249.80045557022095        231.14543437957764     
   0.0000000000000000        0.0000000000000000        0.0000000000000000     
           5 m=   1.0607901176910718E-007 r=   1.0000000000000000      d=   3.0000000000000000     
  0.55165818164373370        1.9458900690078735E-002  0.28773522377014160     
   161.01504564285278        210.05513906478882        9.0142587572336197     
   0.0000000000000000        0.0000000000000000        0.0000000000000000     
           6 m=   1.0719063183255643E-007 r=   1.0000000000000000      d=   3.0000000000000000     
  0.56937808411412605        4.8832002282142642E-003  0.43117254972457886     
   9.2871299386024475        42.580226361751556        287.43384361267090     
   0.0000000000000000        0.0000000000000000        0.0000000000000000     
           7 m=   7.2099313211051374E-008 r=   1.0000000000000000      d=   3.0000000000000000     
  0.58729637237874310        5.8256071805953980E-003  0.42882430553436279     
   90.184836387634277        322.11903333663940        332.55271911621094     
   0.0000000000000000        0.0000000000000000        0.0000000000000000     
           8 m=   1.3149910464593757E-007 r=   1.0000000000000000      d=   3.0000000000000000     
  0.59935733825231030        2.0681785047054293E-003  0.42960593104362488     
   126.92630410194397        210.88975667953491        182.00768709182739     
   0.0000000000000000        0.0000000000000000        0.0000000000000000     
           9 m=   1.7030164781623668E-007 r=   1.0000000000000000      d=   3.0000000000000000     
  0.62136547505891093        9.7886556386947640E-003  0.34142383933067322     
   240.14373064041138        214.41016674041748        261.23507738113403     
   0.0000000000000000        0.0000000000000000        0.0000000000000000     
          10 m=   1.1528721462238804E-007 r=   1.0000000000000000      d=   3.0000000000000000     
  0.64989283960309463        1.2962379455566407E-002  0.42303249239921570     
   68.345641493797302        65.121390223503113        56.017747521400452     
   0.0000000000000000        0.0000000000000000        0.0000000000000000     
          11 m=   8.1265539328747559E-008 r=   1.0000000000000000      d=   3.0000000000000000     
  0.66922674189356268        1.0505343675613404E-002  0.22125557065010071     
   353.83242130279541        154.87890243530273        1.1880932003259659     
   0.0000000000000000        0.0000000000000000        0.0000000000000000     
          12 m=   1.0995237395585215E-007 r=   1.0000000000000000      d=   3.0000000000000000     
  0.68286568315606633        4.4816139340400699E-003  0.22686003148555756     
   156.90940976142883        144.25658226013184        266.17253065109253     
   0.0000000000000000        0.0000000000000000        0.0000000000000000     
          13 m=   2.1331590141288914E-007 r=   1.0000000000000000      d=   3.0000000000000000     
  0.70132925753761499        1.9446393847465516E-003  0.40193644165992737     
   330.04307270050049        302.47612237930298        343.13778877258301     
   0.0000000000000000        0.0000000000000000        0.0000000000000000     
          14 m=   1.3046020212484451E-007 r=   1.0000000000000000      d=   3.0000000000000000     
  0.73717644983798047        1.0725098848342897E-002  0.32313105463981628     
   313.68672609329224        217.40200996398926        171.14472985267639     
   0.0000000000000000        0.0000000000000000        0.0000000000000000     
          15 m=   1.2129665762769991E-007 r=   1.0000000000000000      d=   3.0000000000000000     
  0.75913141192494737        6.8157690763473514E-003   6.6031254827976227E-002
   317.88324594497681        343.32992076873779        157.00731039047241     
   0.0000000000000000        0.0000000000000000        0.0000000000000000     
          16 m=   2.3108386566741860E-007 r=   1.0000000000000000      d=   3.0000000000000000     
  0.77956218852689418        7.7502024173736576E-003  0.40716961026191711     
   344.99033689498901        210.31357526779175        31.820759475231171     
   0.0000000000000000        0.0000000000000000        0.0000000000000000     
          17 m=   2.5056743197293163E-007 r=   1.0000000000000000      d=   3.0000000000000000     
  0.81851695311103567        7.6733100414276122E-003  0.10157360881567001     
   56.764168739318848        139.66665744781494        253.29020261764526     
   0.0000000000000000        0.0000000000000000        0.0000000000000000     
          18 m=   1.4979938640463923E-007 r=   1.0000000000000000      d=   3.0000000000000000     
  0.86082201119737911        1.6830245256423952E-002  0.19087114930152893     
   221.20297908782959        327.65884637832642        354.59783792495728     
   0.0000000000000000        0.0000000000000000        0.0000000000000000     
          19 m=   2.5767790082396646E-007 r=   1.0000000000000000      d=   3.0000000000000000     
  0.88615652780951459        9.8354047536849971E-003   2.7942551299929619E-002
   171.71050429344177        249.19693708419800        224.26101922988892     
   0.0000000000000000        0.0000000000000000        0.0000000000000000     
          20 m=   1.8327438669525555E-007 r=   1.0000000000000000      d=   3.0000000000000000     
  0.92977996355892023        1.5907946825027466E-002  0.18073646724224091     
   91.572546958923340        137.85287261009216        194.83572721481323     
   0.0000000000000000        0.0000000000000000        0.0000000000000000     
          21 m=   1.4043086460843939E-007 r=   1.0000000000000000      d=   3.0000000000000000     
  0.96086148612023414        1.5279107093811035E-002   2.9137093573808670E-002
   97.510882616043091        42.413650453090668        255.83021163940430     
   0.0000000000000000        0.0000000000000000        0.0000000000000000     
          22 m=   1.7724042966060749E-007 r=   1.0000000000000000      d=   3.0000000000000000     
  0.98470679877782186        2.8092348575592041E-003  0.11945804208517075     
   230.74780225753784        101.20041131973267        319.37371730804443     
   0.0000000000000000        0.0000000000000000        0.0000000000000000     
          23 m=   1.4154473751365810E-007 r=   1.0000000000000000      d=   3.0000000000000000     
   1.0148311346529608        4.7963872551918035E-003  0.44552499055862427     
   206.32528066635132        173.58607649803162        65.455818772315979     
   0.0000000000000000        0.0000000000000000        0.0000000000000000     
          24 m=   1.5868063847036433E-007 r=   1.0000000000000000      d=   3.0000000000000000     
   1.0389175254108030        9.4491642713546761E-003   8.3732634782791138E-002
   110.02481460571289        122.52321124076843        235.45836210250854     
   0.0000000000000000        0.0000000000000000        0.0000000000000000     
          25 m=   2.5468672046066874E-007 r=   1.0000000000000000      d=   3.0000000000000000     
   1.0659459269978393        3.9431947469711305E-003  0.30970010161399841     
   51.318646073341370        307.59047269821167        24.240936040878296     
   0.0000000000000000        0.0000000000000000        0.0000000000000000     
          26 m=   4.0727151094288975E-007 r=   1.0000000000000000      d=   3.0000000000000000     
   1.1093741697110364        1.0911080241203309E-003   7.2032332420349121E-002
   19.339612126350403        132.31800556182861        45.896828770637512     
   0.0000000000000000        0.0000000000000000        0.0000000000000000     
          27 m=   1.8806535140753761E-007 r=   1.0000000000000000      d=   3.0000000000000000     
   1.1789413519333944        1.6779243946075439E-002  0.37928482890129089     
   189.19931173324585        121.87995314598083        119.75929141044617     
   0.0000000000000000        0.0000000000000000        0.0000000000000000     
          28 m=   2.5421064925417291E-007 r=   1.0000000000000000      d=   3.0000000000000000     
   1.2111548343610368        1.2585312128067017E-003  0.37835073471069336     
   94.008786678314209        106.44347548484802        236.65700912475586     
   0.0000000000000000        0.0000000000000000        0.0000000000000000     
          29 m=   3.6653897292583166E-007 r=   1.0000000000000000      d=   3.0000000000000000     
   1.2547544069777863        1.8487265110015871E-002  0.42781496047973633     
   322.75261402130127        47.171173095703125        3.2790484651923180     
   0.0000000000000000        0.0000000000000000        0.0000000000000000     
          30 m=   2.5356937600648825E-007 r=   1.0000000000000000      d=   3.0000000000000000     
   1.3177290991140826        1.3968871831893921E-002  0.26676625013351440     
   254.94042634963989        159.45892453193665        126.48623943328857     
   0.0000000000000000        0.0000000000000000        0.0000000000000000     
          31 m=   3.6797934071707234E-007 r=   1.0000000000000000      d=   3.0000000000000000     
   1.3614044777613490        1.9299618005752563E-002  0.44040226936340332     
   149.99676704406738        87.377448678016663        113.46863150596619     
   0.0000000000000000        0.0000000000000000        0.0000000000000000     
          32 m=   4.7989657431139823E-007 r=   1.0000000000000000      d=   3.0000000000000000     
   1.4248969200553678        1.0784894227981567E-002  0.23529584705829620     
   94.642935991287231        298.45244407653809        94.675862789154053     
   0.0000000000000000        0.0000000000000000        0.0000000000000000     
          33 m=   6.0489838343074959E-007 r=   1.0000000000000000      d=   3.0000000000000000     
   1.5079105151561414        1.8170361518859864E-002  0.34871146082878113     
   287.51924514770508        1.2372949719429016        150.13230443000793     
   0.0000000000000000        0.0000000000000000        0.0000000000000000     
          34 m=   5.2760760326780851E-007 r=   1.0000000000000000      d=   3.0000000000000000     
   1.6128952342087495        1.4623384475708007E-002  0.46929740905761719     
   156.39874935150146        125.30243039131165        8.6195133626461029     
   0.0000000000000000        0.0000000000000000        0.0000000000000000     
          35 m=   4.6984745677402630E-007 r=   1.0000000000000000      d=   3.0000000000000000     
   1.7048508979127599        5.3580605983734129E-003   9.1991312801837921E-002
   162.29654073715210        107.26088404655457        357.02635288238525     
   0.0000000000000000        0.0000000000000000        0.0000000000000000     
          36 m=   7.5982643779905074E-007 r=   1.0000000000000000      d=   3.0000000000000000     
   1.7870414223852362        1.5277552604675293E-003  0.21530787646770477     
   251.64645910263062        320.39576768875122        36.285945475101471     
   0.0000000000000000        0.0000000000000000        0.0000000000000000     
          37 m=   3.8353915623537041E-007 r=   1.0000000000000000      d=   3.0000000000000000     
   1.9203957357441941        3.0842563137412071E-004  0.48366895318031311     
   220.84909915924072        316.37970685958862        312.77990341186523     
   0.0000000000000000        0.0000000000000000        0.0000000000000000     
          38 m=   4.6109503293512501E-007 r=   1.0000000000000000      d=   3.0000000000000000     
   1.9880692885507081        4.7166246175765992E-003  0.26816466450691223     
   66.813343763351440        328.27045440673828        218.24939489364624     
   0.0000000000000000        0.0000000000000000        0.0000000000000000     
          39 m=   5.4862410525876678E-007 r=   1.0000000000000000      d=   3.0000000000000000     
   2.0696477147306909        1.7729349136352539E-002  0.43154618144035339     
   197.98052072525024        225.65819263458252        210.71075677871704     
   0.0000000000000000        0.0000000000000000        0.0000000000000000     
          40 m=   1.0171811047197409E-006 r=   1.0000000000000000      d=   3.0000000000000000     
   2.1670293194142110        1.8143372535705568E-002  0.21634884178638458     
   320.62538623809814        88.128526210784912        255.78618049621582     
   0.0000000000000000        0.0000000000000000        0.0000000000000000     
          41 m=   7.0526603265580030E-007 r=   1.0000000000000000      d=   3.0000000000000000     
   2.3482851630294506        1.9651197195053101E-002  0.48181679844856262     
   349.12962913513184        121.18603348731995        337.13766574859619     
   0.0000000000000000        0.0000000000000000        0.0000000000000000     
          42 m=   5.2207857061083530E-007 r=   1.0000000000000000      d=   3.0000000000000000     
   2.4748740079346696        1.7265549898147582E-002  0.47428834438323975     
   262.39115238189697        286.48513555526733        28.242542445659637     
   0.0000000000000000        0.0000000000000000        0.0000000000000000     
          43 m=   7.1128339876942513E-007 r=   1.0000000000000000      d=   3.0000000000000000     
   2.5690580684935598        8.8477838039398189E-003  0.40214693546295166     
   95.673880577087402        189.44723367691040        196.95222616195679     
   0.0000000000000000        0.0000000000000000        0.0000000000000000     
          44 m=   7.5078042396497774E-007 r=   1.0000000000000000      d=   3.0000000000000000     
   2.6978594021898639        9.6223831176757823E-003  0.17544259130954742     
   143.39940190315247        15.016687810420990        282.24818944931030     
   0.0000000000000000        0.0000000000000000        0.0000000000000000     
          45 m=   1.6953251905800158E-006 r=   1.0000000000000000      d=   1.5000000000000000     
   2.7000000000000002        1.2374128103256226E-002  0.16460123658180237     
   70.211026668548584        325.59554100036621        229.03818368911743     
   0.0000000000000000        0.0000000000000000        0.0000000000000000     
          46 m=   3.9828844226832600E-006 r=   1.0000000000000000      d=   1.5000000000000000     
   2.8543033665247184        1.4484629631042481E-002   8.3146005868911743E-002
   18.267393708229065        217.79238939285278        188.02954673767090     
   0.0000000000000000        0.0000000000000000        0.0000000000000000     
          47 m=   3.6479343255054616E-006 r=   1.0000000000000000      d=   1.5000000000000000     
   3.2190578293705179        9.5735746622085567E-003  0.44090902805328369     
   149.75201010704041        91.538954973220825        211.22580528259277     
   0.0000000000000000        0.0000000000000000        0.0000000000000000     
          48 m=   3.7393163171289753E-006 r=   1.0000000000000000      d=   1.5000000000000000     
   3.5580474143879361        2.9599833488464355E-003  0.41478061676025391     
   215.72513580322266        9.7235367447137833        293.39042901992798     
   0.0000000000000000        0.0000000000000000        0.0000000000000000     
          49 m=   4.7147224828556684E-006 r=   1.0000000000000000      d=   1.5000000000000000     
   3.9102725955525854        1.3633288145065307E-002  0.44113430380821228     
   162.86043763160706        299.93733644485474        353.20787429809570     
   0.0000000000000000        0.0000000000000000        0.0000000000000000     
          50 m=   4.8309978410738122E-006 r=   1.0000000000000000      d=   1.5000000000000000     
   4.3606774981349270        1.8998841047286989E-002   3.1807098537683487E-002
   212.16558694839478        46.931759119033813        177.26364254951477     
   0.0000000000000000        0.0000000000000000        0.0000000000000000     
          51 m=   3.1257333721488842E-006 r=   1.0000000000000000      d=   1.5000000000000000     
   4.8305804276870354        1.3809194564819336E-002  0.28527167439460754     
   325.98126411437988        335.62777519226074        20.247393697500229     
   0.0000000000000000        0.0000000000000000        0.0000000000000000     
