)O+_06 Big-body initial data  (WARNING: Do not delete  this line!!)
) Lines beginning with `)` are ignored.
)--------------------------------------------------
style (Cartesian, Asteroidal, Cometary) = Asteroidal
epoch (in days) = 0.
)--------------------------------------------------
           1 m=   7.5429250661578512E-008 r=   1.0000000000000000      d=   3.0000000000000000     
  0.50000000000000000        1.2907836437225342E-002  0.42091605067253113     
   317.73982286453247        166.67670607566833        207.59229183197021     
   0.0000000000000000        0.0000000000000000        0.0000000000000000     
           2 m=   7.4620053973159762E-008 r=   1.0000000000000000      d=   3.0000000000000000     
  0.51257402330100599        1.0340857505798341E-002   9.0305924415588379E-002
   14.761714339256287        88.722319006919861        109.63086247444153     
   0.0000000000000000        0.0000000000000000        0.0000000000000000     
           3 m=   8.5815004407510812E-008 r=   1.0000000000000000      d=   3.0000000000000000     
  0.52501941183608669        5.4590624570846555E-003  0.16864848136901855     
   41.484160423278809        325.76276063919067        311.76212310791016     
   0.0000000000000000        0.0000000000000000        0.0000000000000000     
           4 m=   7.0397335900569905E-008 r=   1.0000000000000000      d=   3.0000000000000000     
  0.53933905937032045        4.6144452691078185E-003  0.28159195184707642     
   215.25611400604248        150.54554700851440        106.51835203170776     
   0.0000000000000000        0.0000000000000000        0.0000000000000000     
           5 m=   1.5170894114581788E-007 r=   1.0000000000000000      d=   3.0000000000000000     
  0.55109274528162111        1.6392408609390258E-002  0.41837519407272339     
   333.18797349929810        170.46283721923828        182.75870561599731     
   0.0000000000000000        0.0000000000000000        0.0000000000000000     
           6 m=   1.5349330168912898E-007 r=   1.0000000000000000      d=   3.0000000000000000     
  0.57643429772517274        7.5754463672637945E-003  0.46708142757415771     
   92.790924310684204        277.43570566177368        119.91209149360657     
   0.0000000000000000        0.0000000000000000        0.0000000000000000     
           7 m=   1.5945789050218929E-007 r=   1.0000000000000000      d=   3.0000000000000000     
  0.60209991390413253        9.2985624074935908E-003  0.12435359507799149     
   148.42197775840759        219.21494722366333        151.27464652061462     
   0.0000000000000000        0.0000000000000000        0.0000000000000000     
           8 m=   1.8416534070762080E-007 r=   1.0000000000000000      d=   3.0000000000000000     
  0.62879025592781435        9.5222026109695445E-003  0.22373075783252716     
   27.531727552413940        311.46405458450317        246.49157524108887     
   0.0000000000000000        0.0000000000000000        0.0000000000000000     
           9 m=   1.7544326156160858E-007 r=   1.0000000000000000      d=   3.0000000000000000     
  0.65964910214638739        1.0318372249603271E-002  0.44634893536567688     
   331.03267908096313       0.22119157249107957        194.86525297164917     
   0.0000000000000000        0.0000000000000000        0.0000000000000000     
          10 m=   1.1225672023652523E-007 r=   1.0000000000000000      d=   3.0000000000000000     
  0.68908278112648103        1.7726023197174073E-002  0.31902292370796204     
   286.89072847366333        101.42093181610107        55.076914429664612     
   0.0000000000000000        0.0000000000000000        0.0000000000000000     
          11 m=   1.7070780769643275E-007 r=   1.0000000000000000      d=   3.0000000000000000     
  0.70793799753254738        9.5707011222839356E-003   7.2106070816516876E-002
   125.87192773818970        99.763273000717163        210.27879238128662     
   0.0000000000000000        0.0000000000000000        0.0000000000000000     
          12 m=   1.1181328748547751E-007 r=   1.0000000000000000      d=   3.0000000000000000     
  0.73663259293185268        1.4564474821090698E-002  0.23155303299427032     
   26.736844182014465        327.45205879211426        169.10742044448853     
   0.0000000000000000        0.0000000000000000        0.0000000000000000     
          13 m=   1.8165638464445622E-007 r=   1.0000000000000000      d=   3.0000000000000000     
  0.75544908289994539        1.7804073095321657E-002  0.41691681742668152     
   228.49511146545410        287.30707168579102        83.191180229187012     
   0.0000000000000000        0.0000000000000000        0.0000000000000000     
          14 m=   2.3509223080738909E-007 r=   1.0000000000000000      d=   3.0000000000000000     
  0.78604213026646619        1.7066534757614136E-002  0.37116023898124695     
   207.74773120880127        151.08770728111267        295.53353548049927     
   0.0000000000000000        0.0000000000000000        0.0000000000000000     
          15 m=   1.6093405053649990E-007 r=   1.0000000000000000      d=   3.0000000000000000     
  0.82568287502553295        1.3554915189743041E-002  0.45425596833229065     
   154.34885501861572        318.09900283813477        301.07665300369263     
   0.0000000000000000        0.0000000000000000        0.0000000000000000     
          16 m=   2.4885456060962261E-007 r=   1.0000000000000000      d=   3.0000000000000000     
  0.85286228976007061        5.8250606060028078E-003   5.0636366009712219E-002
   12.878295332193375        221.77607059478760        289.08792972564697     
   0.0000000000000000        0.0000000000000000        0.0000000000000000     
          17 m=   1.7155521174421096E-007 r=   1.0000000000000000      d=   3.0000000000000000     
  0.89493591337753076        1.5920230150222779E-002  0.45409670472145081     
   295.53769826889038        234.31308031082153        35.779793858528137     
   0.0000000000000000        0.0000000000000000        0.0000000000000000     
          18 m=   3.0744201275905936E-007 r=   1.0000000000000000      d=   3.0000000000000000     
  0.92398945786449971        1.3977748155593873E-002   8.4236644208431244E-002
   293.87112379074097        291.70411348342896        46.073854565620422     
   0.0000000000000000        0.0000000000000000        0.0000000000000000     
          19 m=   2.1512395918932735E-007 r=   1.0000000000000000      d=   3.0000000000000000     
  0.97611650614316359        1.8884509801864624E-002  0.17045815289020538     
   193.18649053573608        57.157911658287048        119.28356409072876     
   0.0000000000000000        0.0000000000000000        0.0000000000000000     
          20 m=   2.4555185391981491E-007 r=   1.0000000000000000      d=   3.0000000000000000     
   1.0126670834139895        1.2304677963256835E-002  0.44693887233734131     
   340.16030073165894        33.855212330818176        5.8036317676305771     
   0.0000000000000000        0.0000000000000000        0.0000000000000000     
          21 m=   3.8945336466746330E-007 r=   1.0000000000000000      d=   3.0000000000000000     
   1.0544485446203036        1.4048799276351928E-002   4.2480017989873886E-002
   234.63243484497070        40.532660186290741        42.672609686851501     
   0.0000000000000000        0.0000000000000000        0.0000000000000000     
          22 m=   1.7000185006506264E-007 r=   1.0000000000000000      d=   3.0000000000000000     
   1.1208261659909708        1.0064314603805542E-002  0.25282707810401917     
   308.07672500610352        250.48600673675537        182.19115018844604     
   0.0000000000000000        0.0000000000000000        0.0000000000000000     
          23 m=   1.9257847698048921E-007 r=   1.0000000000000000      d=   3.0000000000000000     
   1.1498779609455310        1.5970501899719238E-002  0.24258419871330261     
   259.43979978561401        332.32539653778076        184.71708297729492     
   0.0000000000000000        0.0000000000000000        0.0000000000000000     
          24 m=   2.2497603488748931E-007 r=   1.0000000000000000      d=   3.0000000000000000     
   1.1828261653592615        9.9326705932617186E-003  0.38606059551239014     
   131.97159290313721        123.51567149162292        87.006461620330811     
   0.0000000000000000        0.0000000000000000        0.0000000000000000     
          25 m=   3.5286053380318356E-007 r=   1.0000000000000000      d=   3.0000000000000000     
   1.2213680219538001        1.7500869035720824E-002  0.36743950843811035     
   335.33740997314453        208.42905521392822        259.69757080078125     
   0.0000000000000000        0.0000000000000000        0.0000000000000000     
          26 m=   4.5580322271296725E-007 r=   1.0000000000000000      d=   3.0000000000000000     
   1.2819117277962582        7.3718857765197755E-003  0.16279631853103638     
   228.32739830017090        118.28101873397827        123.92572760581970     
   0.0000000000000000        0.0000000000000000        0.0000000000000000     
          27 m=   2.9744320145906127E-007 r=   1.0000000000000000      d=   3.0000000000000000     
   1.3603079358737602        1.2974008321762084E-002  0.33579376339912415     
   186.59394264221191        77.703123092651367        145.06005406379700     
   0.0000000000000000        0.0000000000000000        0.0000000000000000     
          28 m=   5.2228122170289052E-007 r=   1.0000000000000000      d=   3.0000000000000000     
   1.4116275750162002        1.0240619182586671E-002  0.27155464887619019     
   346.29198074340820        191.72153234481812        149.29636716842651     
   0.0000000000000000        0.0000000000000000        0.0000000000000000     
          29 m=   3.9469684647021938E-007 r=   1.0000000000000000      d=   3.0000000000000000     
   1.5019250220692737        1.1536556482315065E-002  0.41537958383560181     
   158.42542648315430        194.26396608352661        110.72095513343811     
   0.0000000000000000        0.0000000000000000        0.0000000000000000     
          30 m=   3.4992717235001537E-007 r=   1.0000000000000000      d=   3.0000000000000000     
   1.5704112653655236        1.6672084331512453E-002   9.2366695404052734E-002
   278.05883646011353        159.87954854965210        280.25460004806519     
   0.0000000000000000        0.0000000000000000        0.0000000000000000     
          31 m=   4.5458559191663877E-007 r=   1.0000000000000000      d=   3.0000000000000000     
   1.6312958129285462        1.6038990020751952E-002  0.30534717440605164     
   234.61067676544189        249.44427967071533        176.26886487007141     
   0.0000000000000000        0.0000000000000000        0.0000000000000000     
          32 m=   4.9362999176001416E-007 r=   1.0000000000000000      d=   3.0000000000000000     
   1.7105829534373744        7.0864416658878327E-004  0.26251828670501709     
   86.413623690605164        232.03163623809814        285.22988319396973     
   0.0000000000000000        0.0000000000000000        0.0000000000000000     
          33 m=   5.3749859296437858E-007 r=   1.0000000000000000      d=   3.0000000000000000     
   1.7969535632402780        1.1264716386795045E-002  0.41645839810371399     
   19.129313528537750        265.25304794311523        269.69208240509033     
   0.0000000000000000        0.0000000000000000        0.0000000000000000     
          34 m=   3.4134944535796165E-007 r=   1.0000000000000000      d=   3.0000000000000000     
   1.8913253527228737        4.1615822911262512E-003   8.4114328026771545E-002
   307.80414819717407        308.18199634552002        58.692902326583862     
   0.0000000000000000        0.0000000000000000        0.0000000000000000     
          35 m=   8.4164758202820581E-007 r=   1.0000000000000000      d=   3.0000000000000000     
   1.9514847485364744        1.9831364154815675E-002  0.36317902803421021     
   27.097308933734894        175.87278842926025        228.36132287979126     
   0.0000000000000000        0.0000000000000000        0.0000000000000000     
          36 m=   6.2178666623480022E-007 r=   1.0000000000000000      d=   3.0000000000000000     
   2.1001740154481667        1.5300081968307495E-002  0.37741154432296753     
   326.80107593536377        348.64063024520874        187.79851198196411     
   0.0000000000000000        0.0000000000000000        0.0000000000000000     
          37 m=   9.3592863358577983E-007 r=   1.0000000000000000      d=   3.0000000000000000     
   2.2106769323235564        1.7400895357131959E-002   2.3192960768938065E-002
   96.419577598571777        2.4159421026706696        82.004769444465637     
   0.0000000000000000        0.0000000000000000        0.0000000000000000     
          38 m=   8.2689980024089817E-007 r=   1.0000000000000000      d=   3.0000000000000000     
   2.3777454824797952        3.3968296647071839E-003  0.23876211047172546     
   238.39417934417725        342.93143033981323        13.953289836645126     
   0.0000000000000000        0.0000000000000000        0.0000000000000000     
          39 m=   1.0409889994812294E-006 r=   1.0000000000000000      d=   3.0000000000000000     
   2.5263414878153130        3.4271162748336793E-003  0.40942415595054626     
   38.260866701602936        111.70134544372559        94.912004470825195     
   0.0000000000000000        0.0000000000000000        0.0000000000000000     
          40 m=   2.3492682014388523E-006 r=   1.0000000000000000      d=   1.5000000000000000     
   2.7000000000000002        1.5669305324554444E-002   7.4446961283683777E-002
   295.75980663299561        338.82273674011230        11.573309451341629     
   0.0000000000000000        0.0000000000000000        0.0000000000000000     
          41 m=   1.6499946261917061E-006 r=   1.0000000000000000      d=   1.5000000000000000     
   2.9138232796667549        1.6552636623382570E-002  0.10107052326202393     
   337.26952314376831        150.45885801315308        99.288103580474854     
   0.0000000000000000        0.0000000000000000        0.0000000000000000     
          42 m=   4.3657417017538686E-006 r=   1.0000000000000000      d=   1.5000000000000000     
   3.0652907620441243        1.8066240549087526E-002  0.44055804610252380     
   343.88421535491943        129.07829403877258        226.70397520065308     
   0.0000000000000000        0.0000000000000000        0.0000000000000000     
          43 m=   4.1646157563508045E-006 r=   1.0000000000000000      d=   1.5000000000000000     
   3.4684960079916243        1.8810831308364868E-002  0.21167017519474030     
   340.39101362228394        219.09044981002808        353.75493764877319     
   0.0000000000000000        0.0000000000000000        0.0000000000000000     
          44 m=   2.6107075873535523E-006 r=   1.0000000000000000      d=   1.5000000000000000     
   3.8593796239193270        1.6054840087890626E-002  0.40660387277603149     
   187.75654077529907        165.40975928306580        173.02347779273987     
   0.0000000000000000        0.0000000000000000        0.0000000000000000     
          45 m=   2.8350736774118637E-006 r=   1.0000000000000000      d=   1.5000000000000000     
   4.1082774506183553        2.6542663574218753E-003   3.8670372217893600E-002
   120.11626124382019        170.43231368064880        253.82198810577393     
   0.0000000000000000        0.0000000000000000        0.0000000000000000     
          46 m=   7.7612393554337436E-006 r=   1.0000000000000000      d=   1.5000000000000000     
   4.3812701425293294        1.4630463123321533E-002  0.11298789083957672     
   147.92187452316284        207.46352434158325        200.68178415298462     
   0.0000000000000000        0.0000000000000000        0.0000000000000000     
