)O+_06 Big-body initial data  (WARNING: Do not delete  this line!!)
) Lines beginning with `)` are ignored.
)--------------------------------------------------
style (Cartesian, Asteroidal, Cometary) = Asteroidal
epoch (in days) = 0.
)--------------------------------------------------
           1 m=   9.8652814949812339E-008 r=   1.0000000000000000      d=   3.0000000000000000     
  0.50000000000000000        1.0282008647918702E-002  0.33799546957015991     
   93.625380992889404        301.02890968322754        107.11939215660095     
   0.0000000000000000        0.0000000000000000        0.0000000000000000     
           2 m=   5.1898932623297597E-008 r=   1.0000000000000000      d=   3.0000000000000000     
  0.51644538137405394        4.9388822913169865E-003  0.14772666990756989     
   111.63833498954773        225.68578720092773        16.317799240350723     
   0.0000000000000000        0.0000000000000000        0.0000000000000000     
           3 m=   6.0641599086132500E-008 r=   1.0000000000000000      d=   3.0000000000000000     
  0.52510260386555585        4.1233423352241517E-003  0.25095584988594055     
   227.13875055313110        117.55579233169556        136.17627739906311     
   0.0000000000000000        0.0000000000000000        0.0000000000000000     
           4 m=   1.3620497735177288E-007 r=   1.0000000000000000      d=   3.0000000000000000     
  0.53522168759074196        6.5426135063171385E-003  0.25573423504829407     
   263.77111673355103        174.67709183692932        258.58752250671387     
   0.0000000000000000        0.0000000000000000        0.0000000000000000     
           5 m=   6.1311516299207061E-008 r=   1.0000000000000000      d=   3.0000000000000000     
  0.55795900943439214        1.8547322750091553E-002  0.45564192533493042     
   289.21581745147705        321.68964385986328        40.452110767364502     
   0.0000000000000000        0.0000000000000000        0.0000000000000000     
           6 m=   1.3051572910537042E-007 r=   1.0000000000000000      d=   3.0000000000000000     
  0.56820333508263299        1.4879921674728394E-002  0.40097060799598694     
   359.87106084823608        287.29535579681396        252.17054128646851     
   0.0000000000000000        0.0000000000000000        0.0000000000000000     
           7 m=   7.2997268659705862E-008 r=   1.0000000000000000      d=   3.0000000000000000     
  0.59001968720397202        1.7227684259414674E-002  0.18999770283699036     
   305.70241212844849        174.28904056549072        236.21375799179077     
   0.0000000000000000        0.0000000000000000        0.0000000000000000     
           8 m=   7.1168990197722991E-008 r=   1.0000000000000000      d=   3.0000000000000000     
  0.60223219573346543        1.3032679259777069E-003  0.38421678543090820     
   28.892602622509003        138.76077890396118        156.30053758621216     
   0.0000000000000000        0.0000000000000000        0.0000000000000000     
           9 m=   8.2189539988349375E-008 r=   1.0000000000000000      d=   3.0000000000000000     
  0.61414464945278657        1.8744026422500611E-002  0.46650454401969910     
   328.03890466690063        178.10213327407837        261.02753877639771     
   0.0000000000000000        0.0000000000000000        0.0000000000000000     
          10 m=   1.0190361540518492E-007 r=   1.0000000000000000      d=   3.0000000000000000     
  0.62790830872551873        1.4371384382247925E-002   4.1979420930147171E-002
   296.49250030517578        181.25894308090210        264.38695192337036     
   0.0000000000000000        0.0000000000000000        0.0000000000000000     
          11 m=   1.6330746788945479E-007 r=   1.0000000000000000      d=   3.0000000000000000     
  0.64498273245229165        1.6018313169479371E-002  0.36522564291954041     
   291.18629693984985        148.41588377952576        107.23793506622314     
   0.0000000000000000        0.0000000000000000        0.0000000000000000     
          12 m=   9.5264426398985588E-008 r=   1.0000000000000000      d=   3.0000000000000000     
  0.67236435128650063        1.4111652374267578E-002   8.2085885107517242E-002
   141.76435947418213        121.34737372398376        98.763903379440308     
   0.0000000000000000        0.0000000000000000        0.0000000000000000     
          13 m=   1.1386751994038242E-007 r=   1.0000000000000000      d=   3.0000000000000000     
  0.68835475762117415        1.9130887985229491E-002  0.31387060880661011     
   142.44608044624329        37.410896122455597        219.44008111953735     
   0.0000000000000000        0.0000000000000000        0.0000000000000000     
          14 m=   1.7689838222614640E-007 r=   1.0000000000000000      d=   3.0000000000000000     
  0.70747997528227569        5.6588637828826902E-003  0.18782360851764679     
   103.86542201042175        260.24075031280518        259.95557785034180     
   0.0000000000000000        0.0000000000000000        0.0000000000000000     
          15 m=   1.6782175383606912E-007 r=   1.0000000000000000      d=   3.0000000000000000     
  0.73721461118895704        9.5750749111175541E-003  0.10286606848239899     
   310.86605072021484        312.94147968292236        232.25271463394165     
   0.0000000000000000        0.0000000000000000        0.0000000000000000     
          16 m=   1.2461045985721823E-007 r=   1.0000000000000000      d=   3.0000000000000000     
  0.76545713884937228        1.9084259271621704E-002  0.34809935092926025     
   287.19712257385254        189.70983266830444        150.79567909240723     
   0.0000000000000000        0.0000000000000000        0.0000000000000000     
          17 m=   1.7691410859280394E-007 r=   1.0000000000000000      d=   3.0000000000000000     
  0.78645139197000968        1.1102240085601806E-002   4.4721495360136032E-003
   271.98595046997070        13.057803511619568        38.585738539695740     
   0.0000000000000000        0.0000000000000000        0.0000000000000000     
          18 m=   1.1326388762503250E-007 r=   1.0000000000000000      d=   3.0000000000000000     
  0.81628275562701957        1.0115914344787598E-002  0.36349636316299438     
   336.20080232620239        358.66640567779541        359.37309265136719     
   0.0000000000000000        0.0000000000000000        0.0000000000000000     
          19 m=   2.2934520234527963E-007 r=   1.0000000000000000      d=   3.0000000000000000     
  0.83540418377147330        2.4001953005790711E-003  0.12901723384857178     
   311.01114749908447        244.83171701431274        16.496424973011017     
   0.0000000000000000        0.0000000000000000        0.0000000000000000     
          20 m=   2.7252175343405289E-007 r=   1.0000000000000000      d=   3.0000000000000000     
  0.87415230898975360        5.7341277599334715E-003  0.26047083735466003     
   182.76934862136841        269.03088569641113        278.40769529342651     
   0.0000000000000000        0.0000000000000000        0.0000000000000000     
          21 m=   2.0259384854960069E-007 r=   1.0000000000000000      d=   3.0000000000000000     
  0.92026657849615223        9.5679074525833129E-004  0.42223876714706421     
   256.33485317230225        34.538918137550354        54.868045449256897     
   0.0000000000000000        0.0000000000000000        0.0000000000000000     
          22 m=   3.4135818179792484E-007 r=   1.0000000000000000      d=   3.0000000000000000     
  0.95461141871549249        1.2671850919723511E-002  0.28734377026557922     
   330.99776744842529        39.305855333805084        44.595359265804291     
   0.0000000000000000        0.0000000000000000        0.0000000000000000     
          23 m=   2.7265593886697972E-007 r=   1.0000000000000000      d=   3.0000000000000000     
   1.0125599180012488        8.5806243121623995E-004  0.13145484030246735     
   298.22859764099121        169.90813493728638        78.998672962188721     
   0.0000000000000000        0.0000000000000000        0.0000000000000000     
          24 m=   2.0214271572239910E-007 r=   1.0000000000000000      d=   3.0000000000000000     
   1.0589530301594963        1.6990127563476561E-002  0.47191309928894043     
   20.153339356184006        103.31093430519104        327.34513521194458     
   0.0000000000000000        0.0000000000000000        0.0000000000000000     
          25 m=   3.1637115305173806E-007 r=   1.0000000000000000      d=   3.0000000000000000     
   1.0934120223914510        8.3216649293899533E-003  0.46026498079299927     
   213.35045814514160        176.06868624687195        338.16053152084351     
   0.0000000000000000        0.0000000000000000        0.0000000000000000     
          26 m=   2.2030053154701700E-007 r=   1.0000000000000000      d=   3.0000000000000000     
   1.1474177681427438        1.8619550466537477E-002  0.47190546989440918     
   280.35789728164673        174.20964717864990        96.754971742630005     
   0.0000000000000000        0.0000000000000000        0.0000000000000000     
          27 m=   3.4881547850662462E-007 r=   1.0000000000000000      d=   3.0000000000000000     
   1.1851052231571630        6.6605418920516971E-003  0.42559742927551270     
   222.91133165359497        309.72173452377319        165.76750159263611     
   0.0000000000000000        0.0000000000000000        0.0000000000000000     
          28 m=   2.8001370735314792E-007 r=   1.0000000000000000      d=   3.0000000000000000     
   1.2448681298992852        4.0872213244438176E-003  0.33965739607810974     
   299.22436237335205        281.03070259094238        120.17161130905151     
   0.0000000000000000        0.0000000000000000        0.0000000000000000     
          29 m=   5.2453688567234679E-007 r=   1.0000000000000000      d=   3.0000000000000000     
   1.2929579822721486        1.4694331884384156E-002  0.39754179120063782     
   113.81002306938171        15.046487152576447        334.36106443405151     
   0.0000000000000000        0.0000000000000000        0.0000000000000000     
          30 m=   3.6876702227585183E-007 r=   1.0000000000000000      d=   3.0000000000000000     
   1.3832159585872463        1.2026766538619995E-002  0.44448104500770569     
   158.88521075248718        32.524858117103577        45.815563201904297     
   0.0000000000000000        0.0000000000000000        0.0000000000000000     
          31 m=   4.7850329400176526E-007 r=   1.0000000000000000      d=   3.0000000000000000     
   1.4468998475783676        1.1446775197982787E-002  0.13620141148567200     
   284.89731073379517        198.18458318710327        170.29802083969116     
   0.0000000000000000        0.0000000000000000        0.0000000000000000     
          32 m=   3.4936095475360105E-007 r=   1.0000000000000000      d=   3.0000000000000000     
   1.5297453115318131        1.8091992139816285E-002   4.2024254798889160E-002
   159.56083774566650        204.76189613342285        6.3222690671682358     
   0.0000000000000000        0.0000000000000000        0.0000000000000000     
          33 m=   3.1945165621122661E-007 r=   1.0000000000000000      d=   3.0000000000000000     
   1.5904325452310191        1.6260612010955810E-003  0.27379238605499268     
   51.054775714874268        288.66950511932373        170.93928337097168     
   0.0000000000000000        0.0000000000000000        0.0000000000000000     
          34 m=   7.4714695670935165E-007 r=   1.0000000000000000      d=   3.0000000000000000     
   1.6460591259159825        1.0474982261657715E-002   6.0085676610469818E-002
   304.01238441467285        153.48849892616272        80.613915324211121     
   0.0000000000000000        0.0000000000000000        0.0000000000000000     
          35 m=   6.2129963172230589E-007 r=   1.0000000000000000      d=   3.0000000000000000     
   1.7764507172126991        1.6593396663665771E-002  0.45278906822204590     
   12.140741497278214        161.21128678321838        299.91761684417725     
   0.0000000000000000        0.0000000000000000        0.0000000000000000     
          36 m=   5.0161893366138636E-007 r=   1.0000000000000000      d=   3.0000000000000000     
   1.8854465223468009        1.3455049991607666E-002   6.9793343544006348E-002
   50.908788442611694        101.14795804023743        169.65224146842957     
   0.0000000000000000        0.0000000000000000        0.0000000000000000     
          37 m=   6.4752510621613735E-007 r=   1.0000000000000000      d=   3.0000000000000000     
   1.9738310121478040        5.0388413667678831E-003  0.10844596475362778     
   58.722438812255859        320.90246915817261        331.79429769515991     
   0.0000000000000000        0.0000000000000000        0.0000000000000000     
          38 m=   8.1861414882756343E-007 r=   1.0000000000000000      d=   3.0000000000000000     
   2.0883280223477660        2.9253518581390382E-003  0.46383199095726013     
   329.92876768112183        296.27045631408691        107.03547120094299     
   0.0000000000000000        0.0000000000000000        0.0000000000000000     
          39 m=   6.0672222484379717E-007 r=   1.0000000000000000      d=   3.0000000000000000     
   2.2337418806977949        9.4265526533126830E-003  0.44676634669303894     
   138.82647156715393        343.35951089859009        357.70737648010254     
   0.0000000000000000        0.0000000000000000        0.0000000000000000     
          40 m=   6.1947280392656985E-007 r=   1.0000000000000000      d=   3.0000000000000000     
   2.3421451930535517        1.9152930974960326E-002   7.6473951339721680E-002
   227.37946271896362        150.97420692443848        58.870319724082947     
   0.0000000000000000        0.0000000000000000        0.0000000000000000     
          41 m=   1.2256910077417468E-006 r=   1.0000000000000000      d=   3.0000000000000000     
   2.4533076281946862        1.5272433757781983E-002  0.39161804318428040     
   69.881238341331482        108.65628719329834        53.038049340248108     
   0.0000000000000000        0.0000000000000000        0.0000000000000000     
          42 m=   1.2947747616363965E-006 r=   1.0000000000000000      d=   3.0000000000000000     
   2.6742341709398838        2.2144083678722381E-003  0.41056555509567261     
   267.75164365768433        110.55237293243408        1.5109604224562645     
   0.0000000000000000        0.0000000000000000        0.0000000000000000     
          43 m=   2.4863079569687794E-006 r=   1.0000000000000000      d=   1.5000000000000000     
   2.7000000000000002        1.9005588293075561E-002   2.5192629545927048E-002
   180.54461717605591        251.66763782501221        72.611979246139526     
   0.0000000000000000        0.0000000000000000        0.0000000000000000     
          44 m=   3.6818369250602775E-006 r=   1.0000000000000000      d=   1.5000000000000000     
   2.9262962233494694        7.5570368766784673E-003   7.8296370804309845E-002
   280.99737882614136        141.94657802581787        300.02681493759155     
   0.0000000000000000        0.0000000000000000        0.0000000000000000     
          45 m=   2.5243276696350600E-006 r=   1.0000000000000000      d=   1.5000000000000000     
   3.2644530063241399        1.4584746360778809E-002   2.1824343129992485E-002
   304.49732780456543        158.93534660339355        204.05802011489868     
   0.0000000000000000        0.0000000000000000        0.0000000000000000     
          46 m=   5.6906920389192668E-006 r=   1.0000000000000000      d=   1.5000000000000000     
   3.4994561473143868        3.7407463788986205E-003  0.26554691791534424     
   277.91667938232422        95.789752006530762        107.91988134384155     
   0.0000000000000000        0.0000000000000000        0.0000000000000000     
          47 m=   5.8759788836446640E-006 r=   1.0000000000000000      d=   1.5000000000000000     
   4.0342365028759151        1.8316816091537475E-002  0.30703914165496826     
   204.88341093063354        154.68066573143005        202.35709190368652     
   0.0000000000000000        0.0000000000000000        0.0000000000000000     
          48 m=   6.0290951315656840E-006 r=   1.0000000000000000      d=   1.5000000000000000     
   4.5983684238912579        1.6642599105834960E-002  0.22841529548168182     
   289.97777938842773        275.71555137634277        165.22594213485718     
   0.0000000000000000        0.0000000000000000        0.0000000000000000     
