)O+_06 Big-body initial data  (WARNING: Do not delete  this line!!)
) Lines beginning with `)` are ignored.
)--------------------------------------------------
style (Cartesian, Asteroidal, Cometary) = Asteroidal
epoch (in days) = 0.
)--------------------------------------------------
           1 m=   7.5775177147661039E-008 r=   1.0000000000000000      d=   3.0000000000000000     
  0.50000000000000000        7.9853230714797968E-003  0.45296651124954224     
   353.35404396057129        225.51981210708618        286.32280826568604     
   0.0000000000000000        0.0000000000000000        0.0000000000000000     
           2 m=   1.3279321698183181E-007 r=   1.0000000000000000      d=   3.0000000000000000     
  0.51263168909588375        3.3933728933334350E-003  0.38744661211967468     
   196.48043632507324        20.861368775367737        203.60294580459595     
   0.0000000000000000        0.0000000000000000        0.0000000000000000     
           3 m=   1.0519845570930637E-007 r=   1.0000000000000000      d=   3.0000000000000000     
  0.53477944836776070        1.1360123157501220E-002  0.24747402966022491     
   334.87122058868408        164.11726713180542        196.03830099105835     
   0.0000000000000000        0.0000000000000000        0.0000000000000000     
           4 m=   6.3018899933501069E-008 r=   1.0000000000000000      d=   3.0000000000000000     
  0.55234039863232720        1.6225661039352416E-002  0.41912725567817688     
   179.46156263351440        130.92103600502014        181.83276414871216     
   0.0000000000000000        0.0000000000000000        0.0000000000000000     
           5 m=   1.1432844861698199E-007 r=   1.0000000000000000      d=   3.0000000000000000     
  0.56286763880327872        1.8220114707946777E-002   4.2135957628488541E-002
   191.59016847610474        195.62951087951660        236.47534847259521     
   0.0000000000000000        0.0000000000000000        0.0000000000000000     
           6 m=   8.7128797130609321E-008 r=   1.0000000000000000      d=   3.0000000000000000     
  0.58197412833008100        1.0075773000717164E-002  0.49033057689666748     
   207.10011720657349        333.82698297500610        24.710977077484131     
   0.0000000000000000        0.0000000000000000        0.0000000000000000     
           7 m=   1.0936031370474901E-007 r=   1.0000000000000000      d=   3.0000000000000000     
  0.59654616388805493        5.5036222934722904E-003   9.3413833528757095E-003
   186.60739660263062        246.61360502243042        3.4720820188522339     
   0.0000000000000000        0.0000000000000000        0.0000000000000000     
           8 m=   9.3769892278230342E-008 r=   1.0000000000000000      d=   3.0000000000000000     
  0.61484701945403686        1.9861514568328856E-002  0.24972236156463623     
   347.80431747436523        221.97215080261230        164.65450286865234     
   0.0000000000000000        0.0000000000000000        0.0000000000000000     
           9 m=   1.5816874964857525E-007 r=   1.0000000000000000      d=   3.0000000000000000     
  0.63055039372371813        1.1448301076889038E-002  0.13720408082008362     
   139.99019622802734        244.51010942459106        218.92632007598877     
   0.0000000000000000        0.0000000000000000        0.0000000000000000     
          10 m=   1.9594313750880291E-007 r=   1.0000000000000000      d=   3.0000000000000000     
  0.65705510279630941        5.3751668892800809E-005  0.12526550889015198     
   89.088006019592285        345.78691005706787        272.01618432998657     
   0.0000000000000000        0.0000000000000000        0.0000000000000000     
          11 m=   9.1440586458862972E-008 r=   1.0000000000000000      d=   3.0000000000000000     
  0.68992458418738767        9.2041969299316417E-003  0.32180628180503845     
   56.300994157791138        297.22847700119019        242.21506118774414     
   0.0000000000000000        0.0000000000000000        0.0000000000000000     
          12 m=   2.1882463215397073E-007 r=   1.0000000000000000      d=   3.0000000000000000     
  0.70528393281711244        1.0282092094421387E-002  0.35822099447250366     
   293.96939992904663        278.66720438003540        164.76905465126038     
   0.0000000000000000        0.0000000000000000        0.0000000000000000     
          13 m=   1.1191961147916003E-007 r=   1.0000000000000000      d=   3.0000000000000000     
  0.74206267070452137        1.1643536090850830E-002  0.45821836590766907     
   17.000041902065277        282.79576778411865        137.25328087806702     
   0.0000000000000000        0.0000000000000000        0.0000000000000000     
          14 m=   2.3540192047080728E-007 r=   1.0000000000000000      d=   3.0000000000000000     
  0.76090114472804382        1.6595691442489624E-002  0.39809265732765198     
   272.07263946533203        175.98269462585449        151.78169131278992     
   0.0000000000000000        0.0000000000000000        0.0000000000000000     
          15 m=   1.4799686210964553E-007 r=   1.0000000000000000      d=   3.0000000000000000     
  0.80055421194493059        1.2561155557632446E-002  0.30113202333450317     
   71.785714030265808        125.26664972305298        326.31630420684814     
   0.0000000000000000        0.0000000000000000        0.0000000000000000     
          16 m=   2.1770836783874387E-007 r=   1.0000000000000000      d=   3.0000000000000000     
  0.82552361365190563        4.3346235156059270E-003   8.8140450417995453E-002
   32.950500547885895        17.015026062726974        154.80020642280579     
   0.0000000000000000        0.0000000000000000        0.0000000000000000     
          17 m=   1.5470289608547629E-007 r=   1.0000000000000000      d=   3.0000000000000000     
  0.86229114858870648        2.3539346456527711E-003  0.47359779477119446     
   111.46527886390686        244.14805412292480        275.56169986724854     
   0.0000000000000000        0.0000000000000000        0.0000000000000000     
          18 m=   2.7770451222927807E-007 r=   1.0000000000000000      d=   3.0000000000000000     
  0.88845649887904143        1.8552628159523011E-003  0.29483789205551147     
   212.73848533630371        251.83805465698242        135.46701550483704     
   0.0000000000000000        0.0000000000000000        0.0000000000000000     
          19 m=   2.9621314313054207E-007 r=   1.0000000000000000      d=   3.0000000000000000     
  0.93547465399501040        8.0301158130168914E-004   7.3215216398239136E-002
   347.24373579025269        253.26194286346436        81.443608403205872     
   0.0000000000000000        0.0000000000000000        0.0000000000000000     
          20 m=   3.5036277639604802E-007 r=   1.0000000000000000      d=   3.0000000000000000     
  0.98572091633964543        3.5189452767372133E-003  0.11753625422716141     
   109.99811053276062        198.87421131134033        331.43863677978516     
   0.0000000000000000        0.0000000000000000        0.0000000000000000     
          21 m=   3.5522244739051047E-007 r=   1.0000000000000000      d=   3.0000000000000000     
   1.0452720815063947        3.6004880070686341E-003  0.37476009130477905     
   176.43252253532410        217.65083312988281        263.82982492446899     
   0.0000000000000000        0.0000000000000000        0.0000000000000000     
          22 m=   1.6471680936137136E-007 r=   1.0000000000000000      d=   3.0000000000000000     
   1.1057932376563775        1.8389545679092408E-002   1.6404053196310997E-002
   93.694356679916382        96.610486507415771        270.23152828216553     
   0.0000000000000000        0.0000000000000000        0.0000000000000000     
          23 m=   2.8730376496861191E-007 r=   1.0000000000000000      d=   3.0000000000000000     
   1.1339249452818503        1.2328563928604127E-002  0.22318868339061737     
   129.83093261718750        215.64996957778931        170.80315589904785     
   0.0000000000000000        0.0000000000000000        0.0000000000000000     
          24 m=   2.2226229429776135E-007 r=   1.0000000000000000      d=   3.0000000000000000     
   1.1830483193526227        1.1296509504318238E-002  0.39075249433517456     
   322.56977319717407        358.12741041183472        274.18006181716919     
   0.0000000000000000        0.0000000000000000        0.0000000000000000     
          25 m=   1.7778201626696589E-007 r=   1.0000000000000000      d=   3.0000000000000000     
   1.2211256087858353        2.2939859330654146E-003   8.8189452886581421E-002
   85.397238135337830        358.47352266311646        82.869250774383545     
   0.0000000000000000        0.0000000000000000        0.0000000000000000     
          26 m=   3.8270979667619256E-007 r=   1.0000000000000000      d=   3.0000000000000000     
   1.2516290986833325        8.6549240350723266E-003  0.30725777149200439     
   76.103952527046204        265.11857271194458        207.25665092468262     
   0.0000000000000000        0.0000000000000000        0.0000000000000000     
          27 m=   2.8556431090008833E-007 r=   1.0000000000000000      d=   3.0000000000000000     
   1.3173738643572983        9.8009157180786143E-003  0.14703923463821411     
   319.34753894805908        61.048305630683899        81.658340692520142     
   0.0000000000000000        0.0000000000000000        0.0000000000000000     
          28 m=   5.2599021601934359E-007 r=   1.0000000000000000      d=   3.0000000000000000     
   1.3665594260486786        1.2414501905441284E-002   9.0944297611713409E-002
   264.53749895095825        5.1488358154892921        86.159452199935913     
   0.0000000000000000        0.0000000000000000        0.0000000000000000     
          29 m=   3.4028771480241888E-007 r=   1.0000000000000000      d=   3.0000000000000000     
   1.4573343330096478        1.4953825473785400E-002  0.42519056797027588     
   308.30939054489136        318.54680299758911        233.54292154312134     
   0.0000000000000000        0.0000000000000000        0.0000000000000000     
          30 m=   2.3921067291645956E-007 r=   1.0000000000000000      d=   3.0000000000000000     
   1.5162744968195563        3.7466198205947875E-003  0.23277963697910309     
   291.01933479309082        353.95807743072510        292.04084873199463     
   0.0000000000000000        0.0000000000000000        0.0000000000000000     
          31 m=   2.9568046057243322E-007 r=   1.0000000000000000      d=   3.0000000000000000     
   1.5578052221889922        5.3873419761657718E-003   7.4064150452613831E-002
   339.82899427413940        46.626909971237183        315.47569513320923     
   0.0000000000000000        0.0000000000000000        0.0000000000000000     
          32 m=   4.7677718013488502E-007 r=   1.0000000000000000      d=   3.0000000000000000     
   1.6092253382260460        7.5644004344940187E-003  0.21635133028030396     
   223.59759092330933        91.182618141174316        156.27031445503235     
   0.0000000000000000        0.0000000000000000        0.0000000000000000     
          33 m=   4.8379378446985048E-007 r=   1.0000000000000000      d=   3.0000000000000000     
   1.6923096728011171        1.5279968976974487E-002   6.1832509934902191E-002
   109.04067993164062        256.78200960159302        256.57580137252808     
   0.0000000000000000        0.0000000000000000        0.0000000000000000     
          34 m=   6.7779847575361905E-007 r=   1.0000000000000000      d=   3.0000000000000000     
   1.7768973876206184        1.7818667888641358E-002   6.5947949886322021E-002
   80.868671536445618        285.42759418487549        237.72961378097534     
   0.0000000000000000        0.0000000000000000        0.0000000000000000     
          35 m=   5.2235992173798397E-007 r=   1.0000000000000000      d=   3.0000000000000000     
   1.8958070195813195        4.9942719936370847E-003  0.23562148213386536     
   285.87211132049561        123.62411856651306        131.56105399131775     
   0.0000000000000000        0.0000000000000000        0.0000000000000000     
          36 m=   7.3218096251906267E-007 r=   1.0000000000000000      d=   3.0000000000000000     
   1.9878841905011893        1.0810160636901855E-003   8.3564370870590210E-002
   301.98647975921631        78.346719145774841        268.07325124740601     
   0.0000000000000000        0.0000000000000000        0.0000000000000000     
          37 m=   5.6398370450667223E-007 r=   1.0000000000000000      d=   3.0000000000000000     
   2.1174230579774909        1.9900909662246703E-002  0.45469170808792114     
   52.301954627037048        136.85829877853394        355.41913032531738     
   0.0000000000000000        0.0000000000000000        0.0000000000000000     
          38 m=   7.8115448935439224E-007 r=   1.0000000000000000      d=   3.0000000000000000     
   2.2177225052446672        2.7441585063934328E-003   1.3667326420545578E-002
   199.85909700393677        263.23583364486694        10.727122798562050     
   0.0000000000000000        0.0000000000000000        0.0000000000000000     
          39 m=   7.2544790855347103E-007 r=   1.0000000000000000      d=   3.0000000000000000     
   2.3572022990694936        1.0865260362625122E-002  0.46548491716384888     
   110.30183315277100        289.04595851898193        206.04268312454224     
   0.0000000000000000        0.0000000000000000        0.0000000000000000     
          40 m=   7.3398848365679107E-007 r=   1.0000000000000000      d=   3.0000000000000000     
   2.4874600600904224        1.9505393505096436E-002  0.18457698822021484     
   147.23046541213989        113.28212141990662        128.00883293151855     
   0.0000000000000000        0.0000000000000000        0.0000000000000000     
          41 m=   9.1415543333858425E-007 r=   1.0000000000000000      d=   3.0000000000000000     
   2.6199397890224416        1.4675705432891846E-002  0.34744578599929810     
   168.29092383384705        358.43637943267822        156.35291576385498     
   0.0000000000000000        0.0000000000000000        0.0000000000000000     
          42 m=   2.4179548148164421E-006 r=   1.0000000000000000      d=   1.5000000000000000     
   2.7000000000000002        9.0826737880706793E-003  0.20239862799644470     
   296.77917480468750        278.46457958221436        38.032422959804535     
   0.0000000000000000        0.0000000000000000        0.0000000000000000     
          43 m=   3.5061863724052872E-006 r=   1.0000000000000000      d=   1.5000000000000000     
   2.9200749272788085        8.1528979539871212E-003  0.42803090810775757     
   74.504207968711853        120.15384435653687        294.78642225265503     
   0.0000000000000000        0.0000000000000000        0.0000000000000000     
          44 m=   2.9003488843260944E-006 r=   1.0000000000000000      d=   1.5000000000000000     
   3.2420190318557132        1.6015579700469972E-002  0.20421789586544037     
   221.83035850524902        124.13971424102783        243.11377286911011     
   0.0000000000000000        0.0000000000000000        0.0000000000000000     
          45 m=   2.8004515841934350E-006 r=   1.0000000000000000      d=   1.5000000000000000     
   3.5117858091361889        5.1480686664581296E-003  0.26413133740425110     
   359.97268438339233        225.75769186019897        324.85289096832275     
   0.0000000000000000        0.0000000000000000        0.0000000000000000     
          46 m=   5.9546575345680053E-006 r=   1.0000000000000000      d=   1.5000000000000000     
   3.7750868760318332        7.7625501155853269E-003   5.8769356459379196E-002
   117.29807496070862        102.22537994384766        171.08802795410156     
   0.0000000000000000        0.0000000000000000        0.0000000000000000     
          47 m=   7.5983894789192045E-006 r=   1.0000000000000000      d=   1.5000000000000000     
   4.3408769804668523        1.9339779615402224E-002  0.33792734146118164     
   172.09192514419556        99.562793970108032        90.001255273818970     
   0.0000000000000000        0.0000000000000000        0.0000000000000000     
