)O+_06 Big-body initial data  (WARNING: Do not delete  this line!!)
) Lines beginning with `)` are ignored.
)--------------------------------------------------
style (Cartesian, Asteroidal, Cometary) = Asteroidal
epoch (in days) = 0.
)--------------------------------------------------
           1 m=   4.8875137082753828E-008 r=   1.0000000000000000      d=   3.0000000000000000     
  0.50000000000000000        2.5049310922622683E-003   8.8181205093860626E-002
   175.34534811973572        291.01055860519409        45.976071953773499     
   0.0000000000000000        0.0000000000000000        0.0000000000000000     
           2 m=   7.9262078605492149E-008 r=   1.0000000000000000      d=   3.0000000000000000     
  0.50814746410879363        1.8623986244201661E-002  0.24560083448886871     
   35.637159347534180        18.447049409151077        18.156114220619202     
   0.0000000000000000        0.0000000000000000        0.0000000000000000     
           3 m=   1.2022911913625527E-007 r=   1.0000000000000000      d=   3.0000000000000000     
  0.52136472494667063        1.2750437259674072E-002  0.27071735262870789     
   212.07988500595093        192.38506793975830        125.36025881767273     
   0.0000000000000000        0.0000000000000000        0.0000000000000000     
           4 m=   6.9193487801881455E-008 r=   1.0000000000000000      d=   3.0000000000000000     
  0.54142400196542517        4.5514348894357685E-004  0.33635014295578003     
   103.84710788726807        86.975927352905273        97.962867021560669     
   0.0000000000000000        0.0000000000000000        0.0000000000000000     
           5 m=   5.9745870445920961E-008 r=   1.0000000000000000      d=   3.0000000000000000     
  0.55297765439723279        1.6120598316192628E-002  0.28565526008605957     
   90.860484838485718        14.042117893695831        237.80864238739014     
   0.0000000000000000        0.0000000000000000        0.0000000000000000     
           6 m=   8.4666154711107282E-008 r=   1.0000000000000000      d=   3.0000000000000000     
  0.56295839288343297        1.2180594205856323E-002   4.5149713754653931E-002
   346.59090757369995        351.52323246002197        177.14885473251343     
   0.0000000000000000        0.0000000000000000        0.0000000000000000     
           7 m=   1.0859056940651566E-007 r=   1.0000000000000000      d=   3.0000000000000000     
  0.57710779218219832        1.4711403846740722E-003  0.22133301198482513     
   18.755748867988586        306.38388633728027        275.08265733718872     
   0.0000000000000000        0.0000000000000000        0.0000000000000000     
           8 m=   1.2750206691695120E-007 r=   1.0000000000000000      d=   3.0000000000000000     
  0.59526571130783223        2.4486806988716124E-003  0.28553691506385803     
   49.690132141113281        291.56386613845825        237.78209924697876     
   0.0000000000000000        0.0000000000000000        0.0000000000000000     
           9 m=   1.5673389938443973E-007 r=   1.0000000000000000      d=   3.0000000000000000     
  0.61660139811106685        2.7531508356332780E-004  0.18248330056667328     
   307.95445919036865        94.859261512756348        143.47767949104309     
   0.0000000000000000        0.0000000000000000        0.0000000000000000     
          10 m=   1.3474432737244415E-007 r=   1.0000000000000000      d=   3.0000000000000000     
  0.64285101563427116        1.7288149595260621E-002  0.16179224848747253     
   98.131449222564697        15.738884657621384        76.977548003196716     
   0.0000000000000000        0.0000000000000000        0.0000000000000000     
          11 m=   1.6067382969846786E-007 r=   1.0000000000000000      d=   3.0000000000000000     
  0.66544155159069773        1.3902411460876465E-002  0.46357589960098267     
   164.98430728912354        274.04730319976807        351.14373207092285     
   0.0000000000000000        0.0000000000000000        0.0000000000000000     
          12 m=   1.3276971709023360E-007 r=   1.0000000000000000      d=   3.0000000000000000     
  0.69240364611544813        8.3861744403839113E-003  0.33871257305145264     
   35.803901553153992        291.99044466018677        142.10761785507202     
   0.0000000000000000        0.0000000000000000        0.0000000000000000     
          13 m=   1.6125558962766035E-007 r=   1.0000000000000000      d=   3.0000000000000000     
  0.71470729353262896        1.0447180271148682E-002  0.25508359074592590     
   305.79815626144409        111.30724310874939        311.49261474609375     
   0.0000000000000000        0.0000000000000000        0.0000000000000000     
          14 m=   1.6514143526839666E-007 r=   1.0000000000000000      d=   3.0000000000000000     
  0.74182038834664665        1.3259005546569825E-002   1.3147033751010895E-002
   92.070096731185913        93.226804733276367        187.42946147918701     
   0.0000000000000000        0.0000000000000000        0.0000000000000000     
          15 m=   1.4707235747368836E-007 r=   1.0000000000000000      d=   3.0000000000000000     
  0.76961696883689601        1.2268053293228149E-002  0.23039503395557404     
   316.68779611587524        261.01279735565186        83.573808073997498     
   0.0000000000000000        0.0000000000000000        0.0000000000000000     
          16 m=   1.6267231289587301E-007 r=   1.0000000000000000      d=   3.0000000000000000     
  0.79439970468541066        1.8323298692703247E-002   3.7392299622297287E-002
   243.33991527557373        112.67104983329773        301.83436632156372     
   0.0000000000000000        0.0000000000000000        0.0000000000000000     
          17 m=   1.3882909905808546E-007 r=   1.0000000000000000      d=   3.0000000000000000     
  0.82183833040975063        1.2269481420516967E-002   3.0490122735500336E-002
   85.742534995079041        186.89857721328735        148.39645385742188     
   0.0000000000000000        0.0000000000000000        0.0000000000000000     
          18 m=   1.7735493942049575E-007 r=   1.0000000000000000      d=   3.0000000000000000     
  0.84528093580448616        8.6155068874359132E-003  0.16488838195800781     
   120.46819925308228        82.952340245246887        251.78159952163696     
   0.0000000000000000        0.0000000000000000        0.0000000000000000     
          19 m=   1.2317068672593864E-007 r=   1.0000000000000000      d=   3.0000000000000000     
  0.87525708902737342        6.7671179771423345E-003  0.40190622210502625     
   306.18782758712769        47.486284375190735        277.23477602005005     
   0.0000000000000000        0.0000000000000000        0.0000000000000000     
          20 m=   2.4526745380304790E-007 r=   1.0000000000000000      d=   3.0000000000000000     
  0.89610011230791287        1.8428114652633668E-002  0.40389069914817810     
   344.99926328659058        44.615422189235687        249.29527759552002     
   0.0000000000000000        0.0000000000000000        0.0000000000000000     
          21 m=   2.5602055984208606E-007 r=   1.0000000000000000      d=   3.0000000000000000     
  0.93763904693796518        9.2989200353622431E-003  0.35094794631004333     
   91.168284416198730        194.88877058029175        98.229703903198242     
   0.0000000000000000        0.0000000000000000        0.0000000000000000     
          22 m=   2.7786002852630596E-007 r=   1.0000000000000000      d=   3.0000000000000000     
  0.98107125201948975        1.9306901693344116E-002  0.34747749567031860     
   247.85083293914795        78.206643462181091        43.423148095607758     
   0.0000000000000000        0.0000000000000000        0.0000000000000000     
          23 m=   1.4678587017438154E-007 r=   1.0000000000000000      d=   3.0000000000000000     
   1.0282903413567712        8.8378775119781500E-003  0.18158379197120667     
   168.61217737197876        44.869033098220825        227.69244432449341     
   0.0000000000000000        0.0000000000000000        0.0000000000000000     
          24 m=   2.8794526731441886E-007 r=   1.0000000000000000      d=   3.0000000000000000     
   1.0532820565196350        1.3101923465728761E-002  0.29242661595344543     
   10.176239311695099        81.283437609672546        47.061046957969666     
   0.0000000000000000        0.0000000000000000        0.0000000000000000     
          25 m=   2.9253995044372771E-007 r=   1.0000000000000000      d=   3.0000000000000000     
   1.1023565590784321        7.3467743396759032E-003  0.13591235876083374     
   260.78156948089600        45.008631348609924        287.67994165420532     
   0.0000000000000000        0.0000000000000000        0.0000000000000000     
          26 m=   3.4758310317772046E-007 r=   1.0000000000000000      d=   3.0000000000000000     
   1.1523120988807345        5.5363412946462631E-004  0.15762691199779510     
   313.29394340515137        135.32523393630981        96.803573369979858     
   0.0000000000000000        0.0000000000000000        0.0000000000000000     
          27 m=   2.5353216111836150E-007 r=   1.0000000000000000      d=   3.0000000000000000     
   1.2117857971948671        5.7137662172317503E-003  0.23270049691200256     
   283.13078641891479        117.42410659790039        303.19656372070312     
   0.0000000000000000        0.0000000000000000        0.0000000000000000     
          28 m=   3.2716561159606624E-007 r=   1.0000000000000000      d=   3.0000000000000000     
   1.2552701000325408        2.8031599521636964E-003  0.47387975454330444     
   71.177630424499512        98.409894704818726        351.59745454788208     
   0.0000000000000000        0.0000000000000000        0.0000000000000000     
          29 m=   3.1504835119168324E-007 r=   1.0000000000000000      d=   3.0000000000000000     
   1.3114812540713445        1.8024127483367920E-002  0.43011483550071716     
   353.68101596832275        230.35259485244751        246.64634943008423     
   0.0000000000000000        0.0000000000000000        0.0000000000000000     
          30 m=   2.5451007704723515E-007 r=   1.0000000000000000      d=   3.0000000000000000     
   1.3657323544955275        1.0014493465423584E-002   5.4846219718456268E-002
   202.66618967056274        53.634374141693115        34.482074081897736     
   0.0000000000000000        0.0000000000000000        0.0000000000000000     
          31 m=   3.6273338255839134E-007 r=   1.0000000000000000      d=   3.0000000000000000     
   1.4096540160702515        2.3968446254730223E-003   6.4830943942070007E-002
   313.18247079849243        348.50619792938232        19.339188337326050     
   0.0000000000000000        0.0000000000000000        0.0000000000000000     
          32 m=   5.6078204768676922E-007 r=   1.0000000000000000      d=   3.0000000000000000     
   1.4723622113433874        1.9044883251190185E-002  0.32519185543060303     
   204.08464908599854        166.94318890571594        134.23277020454407     
   0.0000000000000000        0.0000000000000000        0.0000000000000000     
          33 m=   3.0333262198059303E-007 r=   1.0000000000000000      d=   3.0000000000000000     
   1.5695519090490671        6.2010264396667484E-003   6.9863937795162201E-002
   120.57512283325195        49.341611266136169        300.10236740112305     
   0.0000000000000000        0.0000000000000000        0.0000000000000000     
          34 m=   5.6196951377914858E-007 r=   1.0000000000000000      d=   3.0000000000000000     
   1.6223275609206287        1.2736313343048096E-002  0.25304388999938965     
   264.71175670623779        194.44654941558838        145.44457554817200     
   0.0000000000000000        0.0000000000000000        0.0000000000000000     
          35 m=   4.3294947040089953E-007 r=   1.0000000000000000      d=   3.0000000000000000     
   1.7203090533809833        1.3801708221435546E-002   5.0848718732595444E-002
   148.72802853584290        163.69504451751709        71.577242016792297     
   0.0000000000000000        0.0000000000000000        0.0000000000000000     
          36 m=   7.6703133946717456E-007 r=   1.0000000000000000      d=   3.0000000000000000     
   1.7960918485535640        2.6344146579504013E-004   2.0541431382298470E-002
   94.216057062149048        266.60312175750732        14.185125231742859     
   0.0000000000000000        0.0000000000000000        0.0000000000000000     
          37 m=   3.7838740467591614E-007 r=   1.0000000000000000      d=   3.0000000000000000     
   1.9307594105489023        1.0903444886207580E-003  0.21071538329124451     
   40.921502709388733        350.55383920669556        189.70384597778320     
   0.0000000000000000        0.0000000000000000        0.0000000000000000     
          38 m=   7.0639169410661018E-007 r=   1.0000000000000000      d=   3.0000000000000000     
   1.9975516455161966        9.4102114439010617E-003   3.9521519094705582E-002
   2.1899244189262390        114.08107638359070        184.80362176895142     
   0.0000000000000000        0.0000000000000000        0.0000000000000000     
          39 m=   6.5296806990588738E-007 r=   1.0000000000000000      d=   3.0000000000000000     
   2.1225761633147484        2.2913604974746705E-003  0.14420118927955627     
   9.3479087948799133        255.03868103027344        338.15583229064941     
   0.0000000000000000        0.0000000000000000        0.0000000000000000     
          40 m=   5.8769576813786764E-007 r=   1.0000000000000000      d=   3.0000000000000000     
   2.2387246210077105        1.4945999383926392E-002  0.20381750166416168     
   78.798660635948181        9.0472452342510223        78.022960424423218     
   0.0000000000000000        0.0000000000000000        0.0000000000000000     
          41 m=   8.8875870991394400E-007 r=   1.0000000000000000      d=   3.0000000000000000     
   2.3437493987892268        7.8185653686523443E-003  0.36251488327980042     
   257.74069547653198        148.58235239982605        192.21096038818359     
   0.0000000000000000        0.0000000000000000        0.0000000000000000     
          42 m=   6.3956721147133767E-007 r=   1.0000000000000000      d=   3.0000000000000000     
   2.5032445721460426        1.1289701461791993E-002  0.15759669244289398     
   68.226884007453918        311.55954122543335        259.35662984848022     
   0.0000000000000000        0.0000000000000000        0.0000000000000000     
          43 m=   1.2457254476459673E-006 r=   1.0000000000000000      d=   3.0000000000000000     
   2.6187548373100240        5.6208735704421997E-003  0.20005348324775696     
   280.32884359359741        119.01666283607483        232.70343303680420     
   0.0000000000000000        0.0000000000000000        0.0000000000000000     
          44 m=   2.3123263056320597E-006 r=   1.0000000000000000      d=   1.5000000000000000     
   2.7000000000000002        6.0577476024627685E-003  0.25847452878952026     
   66.473373770713806        282.68337249755859        290.90925693511963     
   0.0000000000000000        0.0000000000000000        0.0000000000000000     
          45 m=   1.9028549951302797E-006 r=   1.0000000000000000      d=   1.5000000000000000     
   2.9104609401460149        5.3985095024108891E-003  0.40067762136459351     
   160.93369960784912        6.7368540912866592        21.755523383617401     
   0.0000000000000000        0.0000000000000000        0.0000000000000000     
          46 m=   3.2037338979292002E-006 r=   1.0000000000000000      d=   1.5000000000000000     
   3.0851172024426590        7.5502479076385498E-003  0.26306551694869995     
   294.39741611480713        307.18161821365356        213.22357892990112     
   0.0000000000000000        0.0000000000000000        0.0000000000000000     
          47 m=   2.7410253951044997E-006 r=   1.0000000000000000      d=   1.5000000000000000     
   3.3812380567788169        1.2718135118484497E-002   1.8870340660214424E-002
   331.76524400711060        338.06412220001221        5.4929293692111969     
   0.0000000000000000        0.0000000000000000        0.0000000000000000     
          48 m=   3.9312116629025211E-006 r=   1.0000000000000000      d=   1.5000000000000000     
   3.6376095675283660        1.4227515459060669E-002   1.8670594319701195E-002
   345.29145240783691        263.87514352798462        319.12212610244751     
   0.0000000000000000        0.0000000000000000        0.0000000000000000     
          49 m=   5.4523909064468738E-006 r=   1.0000000000000000      d=   1.5000000000000000     
   4.0090906995134032        1.4494420289993287E-002  0.45924705266952515     
   69.636245369911194        26.891342103481293        45.553125143051147     
   0.0000000000000000        0.0000000000000000        0.0000000000000000     
          50 m=   7.6686202734026971E-006 r=   1.0000000000000000      d=   1.5000000000000000     
   4.5320291861553796        1.1373410224914551E-002   9.5558412373065948E-002
   142.73125290870667        200.74006319046021        332.30129957199097     
   0.0000000000000000        0.0000000000000000        0.0000000000000000     
