)O+_06 Big-body initial data  (WARNING: Do not delete  this line!!)
) Lines beginning with `)` are ignored.
)--------------------------------------------------
style (Cartesian, Asteroidal, Cometary) = Asteroidal
epoch (in days) = 0.
)--------------------------------------------------
           1 m=   1.2963431549121446E-007 r=   1.0000000000000000      d=   3.0000000000000000     
  0.50000000000000000        4.8387679457664494E-003   4.9695581197738647E-002
   6.2249913811683655        165.96316337585449        219.95186805725098     
   0.0000000000000000        0.0000000000000000        0.0000000000000000     
           2 m=   8.8666092613874156E-008 r=   1.0000000000000000      d=   3.0000000000000000     
  0.52160998404862557        8.2969313859939577E-003   9.6638046205043793E-002
   60.652261376380920        353.74006748199463        222.03407764434814     
   0.0000000000000000        0.0000000000000000        0.0000000000000000     
           3 m=   9.5221379365982053E-008 r=   1.0000000000000000      d=   3.0000000000000000     
  0.53640336501382313        1.2931183576583863E-002  0.17596627771854401     
   291.82013511657715        326.49897336959839        149.51144814491272     
   0.0000000000000000        0.0000000000000000        0.0000000000000000     
           4 m=   8.2804618280205682E-008 r=   1.0000000000000000      d=   3.0000000000000000     
  0.55229985815645843        5.6342345476150515E-003   4.8217292875051498E-002
   231.88819169998169        210.33953905105591        88.166087865829468     
   0.0000000000000000        0.0000000000000000        0.0000000000000000     
           5 m=   1.4676832698574388E-007 r=   1.0000000000000000      d=   3.0000000000000000     
  0.56613225909091947        1.6421876847743989E-003   4.7089874744415283E-002
   61.763870716094971        340.17989158630371        236.92299842834473     
   0.0000000000000000        0.0000000000000000        0.0000000000000000     
           6 m=   1.2794172968051852E-007 r=   1.0000000000000000      d=   3.0000000000000000     
  0.59066328133233459        1.5917388200759889E-002   5.1473338156938553E-002
   162.22782254219055        86.747263669967651        281.78251504898071     
   0.0000000000000000        0.0000000000000000        0.0000000000000000     
           7 m=   1.0273960951552006E-007 r=   1.0000000000000000      d=   3.0000000000000000     
  0.61206859852529916        1.3564085960388184E-002  0.42729756236076355     
   119.19555544853210        41.758574545383453        247.66567468643188     
   0.0000000000000000        0.0000000000000000        0.0000000000000000     
           8 m=   1.6929731101907036E-007 r=   1.0000000000000000      d=   3.0000000000000000     
  0.62927219349322783        8.6464643478393558E-003  0.17398077249526978     
   82.773039937019348        113.79041075706482        206.07259511947632     
   0.0000000000000000        0.0000000000000000        0.0000000000000000     
           9 m=   1.7762177603197736E-007 r=   1.0000000000000000      d=   3.0000000000000000     
  0.65764029130516533        3.6959430575370790E-003  0.43798142671585083     
   129.82490301132202        43.431057929992676        109.46317076683044     
   0.0000000000000000        0.0000000000000000        0.0000000000000000     
          10 m=   2.1186740884223863E-007 r=   1.0000000000000000      d=   3.0000000000000000     
  0.68743705989241999        1.6066011190414429E-002  0.37244302034378052     
   288.72881412506104        97.292475700378418        329.04855251312256     
   0.0000000000000000        0.0000000000000000        0.0000000000000000     
          11 m=   1.6925346074395183E-007 r=   1.0000000000000000      d=   3.0000000000000000     
  0.72302105762440250        1.0878006219863892E-002  0.29580935835838318     
   273.01557540893555        93.964551687240601        36.329287290573120     
   0.0000000000000000        0.0000000000000000        0.0000000000000000     
          12 m=   1.5663148431751263E-007 r=   1.0000000000000000      d=   3.0000000000000000     
  0.75148835889884469        1.8464519977569580E-002   2.2463250905275345E-002
   133.35914254188538        88.607595562934875        137.14325666427612     
   0.0000000000000000        0.0000000000000000        0.0000000000000000     
          13 m=   1.9617241600048659E-007 r=   1.0000000000000000      d=   3.0000000000000000     
  0.77786274327835003        1.1904014348983765E-002  0.36933946609497070     
   19.938037097454071        47.495672106742859        107.50384926795959     
   0.0000000000000000        0.0000000000000000        0.0000000000000000     
          14 m=   1.3973142394108460E-007 r=   1.0000000000000000      d=   3.0000000000000000     
  0.81093009223644941        3.0202361941337585E-003  0.35503482818603516     
   135.95257043838501        329.64164257049561        359.70141649246216     
   0.0000000000000000        0.0000000000000000        0.0000000000000000     
          15 m=   2.0737826926163693E-007 r=   1.0000000000000000      d=   3.0000000000000000     
  0.83451477077817027        2.1690723299980165E-003  0.12448641657829285     
   154.31613206863403        183.66046428680420        274.23583030700684     
   0.0000000000000000        0.0000000000000000        0.0000000000000000     
          16 m=   2.7801472051032577E-007 r=   1.0000000000000000      d=   3.0000000000000000     
  0.86955031192754584        1.7549953460693359E-002   9.4883166253566742E-002
   14.822310805320740        320.14488458633423        209.70685958862305     
   0.0000000000000000        0.0000000000000000        0.0000000000000000     
          17 m=   1.3496971334520374E-007 r=   1.0000000000000000      d=   3.0000000000000000     
  0.91658540478854178        8.4597304463386537E-004  0.43139132857322693     
   226.55115365982056        249.34684038162231        110.32453536987305     
   0.0000000000000000        0.0000000000000000        0.0000000000000000     
          18 m=   2.7485506405793044E-007 r=   1.0000000000000000      d=   3.0000000000000000     
  0.93946285520248407        4.9836617708206177E-003  0.38260588049888611     
   31.948928833007812        353.20190906524658        208.81677389144897     
   0.0000000000000000        0.0000000000000000        0.0000000000000000     
          19 m=   1.4131189284184523E-007 r=   1.0000000000000000      d=   3.0000000000000000     
  0.98609361181798294        1.5299812555313111E-002  0.27084261178970337     
   230.30307054519653        106.88311100006104        262.19897747039795     
   0.0000000000000000        0.0000000000000000        0.0000000000000000     
          20 m=   1.5536939282357523E-007 r=   1.0000000000000000      d=   3.0000000000000000     
   1.0101127539532839        1.1068934202194214E-002  0.28531906008720398     
   279.69459772109985        69.634008407592773        30.086636245250702     
   0.0000000000000000        0.0000000000000000        0.0000000000000000     
          21 m=   1.8979940070431686E-007 r=   1.0000000000000000      d=   3.0000000000000000     
   1.0365466697467460        1.9395710229873658E-002  0.29807871580123901     
   71.051416397094727        188.13142776489258        240.21348953247070     
   0.0000000000000000        0.0000000000000000        0.0000000000000000     
          22 m=   3.4646755069240026E-007 r=   1.0000000000000000      d=   3.0000000000000000     
   1.0688725287713425        1.3461385965347291E-002  0.40611603856086731     
   17.103029340505600        239.44371700286865        180.42803764343262     
   0.0000000000000000        0.0000000000000000        0.0000000000000000     
          23 m=   1.9405646715487521E-007 r=   1.0000000000000000      d=   3.0000000000000000     
   1.1279578174013800        1.4635702371597290E-002  0.34823819994926453     
   33.430205583572388        334.27092075347900        60.421639680862427     
   0.0000000000000000        0.0000000000000000        0.0000000000000000     
          24 m=   3.0840651302398601E-007 r=   1.0000000000000000      d=   3.0000000000000000     
   1.1611297926584876        1.9730836153030396E-002  0.48762938380241394     
   75.074381232261658        168.94807577133179        137.09003090858459     
   0.0000000000000000        0.0000000000000000        0.0000000000000000     
          25 m=   2.0158557625653710E-007 r=   1.0000000000000000      d=   3.0000000000000000     
   1.2139187409109671        1.9721214771270753E-002  0.44985252618789673     
   300.54182052612305        242.42393016815186        149.26804304122925     
   0.0000000000000000        0.0000000000000000        0.0000000000000000     
          26 m=   4.1471883157663196E-007 r=   1.0000000000000000      d=   3.0000000000000000     
   1.2484964296661332        1.2222441434860230E-002   2.0145229995250702E-002
   313.14818143844604        160.89196443557739        94.071968793869019     
   0.0000000000000000        0.0000000000000000        0.0000000000000000     
          27 m=   4.5251524883471402E-007 r=   1.0000000000000000      d=   3.0000000000000000     
   1.3197310212296225        1.9728838205337523E-002  0.46415597200393677     
   112.23946094512939        294.76185321807861        216.96251392364502     
   0.0000000000000000        0.0000000000000000        0.0000000000000000     
          28 m=   3.3168413891989725E-007 r=   1.0000000000000000      d=   3.0000000000000000     
   1.3976795410102487        1.5194760560989380E-002  0.48836556077003479     
   265.73438644409180        51.157037615776062        146.21154785156250     
   0.0000000000000000        0.0000000000000000        0.0000000000000000     
          29 m=   4.6786247943763514E-007 r=   1.0000000000000000      d=   3.0000000000000000     
   1.4549925833244892        1.5709276199340819E-002   5.1664724014699459E-003
   25.401498377323151        60.765337944030762        199.57750797271729     
   0.0000000000000000        0.0000000000000000        0.0000000000000000     
          30 m=   4.0581633511331984E-007 r=   1.0000000000000000      d=   3.0000000000000000     
   1.5360219801164574        8.4574103355407725E-003  0.31269782781600952     
   196.80474758148193        340.44912099838257        255.65241336822510     
   0.0000000000000000        0.0000000000000000        0.0000000000000000     
          31 m=   4.7088686374211744E-007 r=   1.0000000000000000      d=   3.0000000000000000     
   1.6065337372214534        8.7382900714874263E-003  0.29309132695198059     
   17.229315787553787        270.77655315399170        137.79980778694153     
   0.0000000000000000        0.0000000000000000        0.0000000000000000     
          32 m=   6.7627966861464483E-007 r=   1.0000000000000000      d=   3.0000000000000000     
   1.6885827769320942        5.1288592815399167E-003   2.1033236756920815E-002
   246.43908977508545        25.198380053043365        167.69112825393677     
   0.0000000000000000        0.0000000000000000        0.0000000000000000     
          33 m=   4.3743157181158510E-007 r=   1.0000000000000000      d=   3.0000000000000000     
   1.8068075791985467        1.1217645406723023E-002  0.17183403670787811     
   14.051793962717056        252.67031192779541        295.53540229797363     
   0.0000000000000000        0.0000000000000000        0.0000000000000000     
          34 m=   5.7988779874396782E-007 r=   1.0000000000000000      d=   3.0000000000000000     
   1.8836402916559070        7.2980463504791265E-003   4.1768249124288559E-002
   135.79954504966736        352.28113889694214        156.22066140174866     
   0.0000000000000000        0.0000000000000000        0.0000000000000000     
          35 m=   5.7294391190126264E-007 r=   1.0000000000000000      d=   3.0000000000000000     
   1.9858082540921242        4.9163550138473511E-003  0.28597509860992432     
   190.97650051116943        160.40179610252380        205.29900312423706     
   0.0000000000000000        0.0000000000000000        0.0000000000000000     
          36 m=   4.4593243219878461E-007 r=   1.0000000000000000      d=   3.0000000000000000     
   2.0871661787228932        1.7744051218032839E-002  0.40982952713966370     
   88.235256671905518        97.731199264526367        268.48510980606079     
   0.0000000000000000        0.0000000000000000        0.0000000000000000     
          37 m=   4.3675025509507613E-007 r=   1.0000000000000000      d=   3.0000000000000000     
   2.1663753422997725        3.2326614856719969E-003  0.22429990768432617     
   145.35429239273071        211.86039447784424        285.95697641372681     
   0.0000000000000000        0.0000000000000000        0.0000000000000000     
          38 m=   6.0715262470397901E-007 r=   1.0000000000000000      d=   3.0000000000000000     
   2.2441996989955189        1.3214908838272095E-002  0.26979920268058777     
   29.750673472881317        202.50675916671753        337.18523740768433     
   0.0000000000000000        0.0000000000000000        0.0000000000000000     
          39 m=   6.2843350653763837E-007 r=   1.0000000000000000      d=   3.0000000000000000     
   2.3527252992198040        1.8991870880126955E-002  0.38096028566360474     
   162.61399626731873        31.592122614383698        353.33608388900757     
   0.0000000000000000        0.0000000000000000        0.0000000000000000     
          40 m=   1.1567815438462507E-006 r=   1.0000000000000000      d=   3.0000000000000000     
   2.4655434391142568        1.1925978660583496E-002  0.31129935383796692     
   112.93849825859070        124.92308020591736        359.44720745086670     
   0.0000000000000000        0.0000000000000000        0.0000000000000000     
          41 m=   5.6299713037042796E-007 r=   1.0000000000000000      d=   3.0000000000000000     
   2.6741513650763027        1.1707764863967896E-002  0.17372289299964905     
   244.87504005432129        167.50557303428650        224.30178880691528     
   0.0000000000000000        0.0000000000000000        0.0000000000000000     
          42 m=   3.1161716862531404E-006 r=   1.0000000000000000      d=   1.5000000000000000     
   2.7000000000000002        4.3330100178718568E-003   9.8953962326049805E-002
   125.57386994361877        150.35734176635742        88.675417900085449     
   0.0000000000000000        0.0000000000000000        0.0000000000000000     
          43 m=   3.1342234476478193E-006 r=   1.0000000000000000      d=   1.5000000000000000     
   2.9836245131787140        7.4055093526840211E-003  0.43524864315986633     
   327.46587753295898        298.44720840454102        9.9867694079875946     
   0.0000000000000000        0.0000000000000000        0.0000000000000000     
          44 m=   4.0352786988503446E-006 r=   1.0000000000000000      d=   1.5000000000000000     
   3.2721468254135755        1.0371361970901490E-002   3.0415980145335197E-002
   12.619446069002151        73.684884309768677        267.72269725799561     
   0.0000000000000000        0.0000000000000000        0.0000000000000000     
          45 m=   3.2820065592899075E-006 r=   1.0000000000000000      d=   1.5000000000000000     
   3.6479280951135244        2.9936188459396365E-003  0.29945462942123413     
   182.75364160537720        94.261397123336792        314.25850868225098     
   0.0000000000000000        0.0000000000000000        0.0000000000000000     
          46 m=   2.9620600609770448E-006 r=   1.0000000000000000      d=   1.5000000000000000     
   3.9581904100641947        6.9819486141204836E-003   9.0955704450607300E-002
   300.94473123550415        171.20512247085571        309.39293861389160     
   0.0000000000000000        0.0000000000000000        0.0000000000000000     
          47 m=   5.7118460863996816E-006 r=   1.0000000000000000      d=   1.5000000000000000     
   4.2417035897022606        1.0107185840606690E-002  0.20254132151603699     
   24.341467916965485        159.89788413047791        139.94353652000427     
   0.0000000000000000        0.0000000000000000        0.0000000000000000     
          48 m=   5.8668692637233777E-006 r=   1.0000000000000000      d=   1.5000000000000000     
   4.7946474204628000        8.0495327711105347E-003  0.29574856162071228     
   344.94810819625854        152.40254759788513        311.98987483978271     
   0.0000000000000000        0.0000000000000000        0.0000000000000000     
