)O+_06 Big-body initial data  (WARNING: Do not delete  this line!!)
) Lines beginning with `)` are ignored.
)--------------------------------------------------
style (Cartesian, Asteroidal, Cometary) = Asteroidal
epoch (in days) = 0.
)--------------------------------------------------
           1 m=   9.3587491451701797E-008 r=   1.0000000000000000      d=   3.0000000000000000     
  0.50000000000000000        1.1407678127288819E-002  0.34722697734832764     
   213.30726385116577        185.05701541900635        286.56212568283081     
   0.0000000000000000        0.0000000000000000        0.0000000000000000     
           2 m=   1.1674656479507204E-007 r=   1.0000000000000000      d=   3.0000000000000000     
  0.51560099414849159        9.9292021989822385E-003  0.30897423624992371     
   241.02705717086792        109.60124015808105        104.04001235961914     
   0.0000000000000000        0.0000000000000000        0.0000000000000000     
           3 m=   1.0330064779555147E-007 r=   1.0000000000000000      d=   3.0000000000000000     
  0.53507474436107705        8.7121272087097162E-003   9.5741100609302521E-002
   151.58435583114624        317.89285898208618        170.99419355392456     
   0.0000000000000000        0.0000000000000000        0.0000000000000000     
           4 m=   1.2463674684369700E-007 r=   1.0000000000000000      d=   3.0000000000000000     
  0.55231909413301150        9.8017865419387819E-003  0.45545807480812073     
   340.27207374572754        50.145340561866760        22.540694475173950     
   0.0000000000000000        0.0000000000000000        0.0000000000000000     
           5 m=   1.3385172624736579E-007 r=   1.0000000000000000      d=   3.0000000000000000     
  0.57313951231558158        1.6762328147888184E-002  0.27676039934158325     
   342.31203317642212        286.66617393493652        267.49616861343384     
   0.0000000000000000        0.0000000000000000        0.0000000000000000     
           6 m=   1.1387285888136140E-007 r=   1.0000000000000000      d=   3.0000000000000000     
  0.59551791103569995        6.1219555139541623E-003  0.30494034290313721     
   73.025184273719788        124.59145188331604        12.498629987239838     
   0.0000000000000000        0.0000000000000000        0.0000000000000000     
           7 m=   1.4274985396856857E-007 r=   1.0000000000000000      d=   3.0000000000000000     
  0.61457313281119308        3.7172827124595641E-003  0.13309001922607422     
   149.36645865440369        64.420030117034912        178.76670956611633     
   0.0000000000000000        0.0000000000000000        0.0000000000000000     
           8 m=   6.7953799364952351E-008 r=   1.0000000000000000      d=   3.0000000000000000     
  0.63847877854795343        1.0493514537811279E-002  0.27495840191841125     
   67.740824818611145        201.60004377365112        16.173942983150482     
   0.0000000000000000        0.0000000000000000        0.0000000000000000     
           9 m=   1.1224284609446766E-007 r=   1.0000000000000000      d=   3.0000000000000000     
  0.64986956824767228        9.6799558401107783E-003  0.45539724826812744     
   282.74911880493164        147.73510694503784        261.21872663497925     
   0.0000000000000000        0.0000000000000000        0.0000000000000000     
          10 m=   1.2015060886713313E-007 r=   1.0000000000000000      d=   3.0000000000000000     
  0.66869290617168964        1.0736647844314575E-002   9.3280047178268433E-002
   254.96917963027954        153.45242857933044        259.68883752822876     
   0.0000000000000000        0.0000000000000000        0.0000000000000000     
          11 m=   1.0342622569692662E-007 r=   1.0000000000000000      d=   3.0000000000000000     
  0.68885756782851915        1.9504866600036620E-002   2.9519494622945786E-002
   115.21235704421997        333.76252412796021        30.721464157104492     
   0.0000000000000000        0.0000000000000000        0.0000000000000000     
          12 m=   1.5949496154260912E-007 r=   1.0000000000000000      d=   3.0000000000000000     
  0.70622941243430626        1.3301420211791993E-002   4.7346870414912701E-003
   348.09820175170898        321.90003633499146        335.21076679229736     
   0.0000000000000000        0.0000000000000000        0.0000000000000000     
          13 m=   1.2515265148975568E-007 r=   1.0000000000000000      d=   3.0000000000000000     
  0.73303738729349499        1.3582266569137573E-002   2.6835378259420395E-002
  0.36074743140488863        289.79131221771240        68.542478084564209     
   0.0000000000000000        0.0000000000000000        0.0000000000000000     
          14 m=   1.8136366748401304E-007 r=   1.0000000000000000      d=   3.0000000000000000     
  0.75409566247450988        1.4116830825805664E-002  0.40666344761848450     
   68.232495188713074        259.75166559219360        261.49469375610352     
   0.0000000000000000        0.0000000000000000        0.0000000000000000     
          15 m=   2.0436686974891159E-007 r=   1.0000000000000000      d=   3.0000000000000000     
  0.78463775937100277        9.6883416175842282E-003   8.0752916634082794E-002
   179.49947834014893        1.3974441401660442        66.280995011329651     
   0.0000000000000000        0.0000000000000000        0.0000000000000000     
          16 m=   1.7304847244769272E-007 r=   1.0000000000000000      d=   3.0000000000000000     
  0.81909572431191946        1.0163124799728394E-002  0.43945083022117615     
   342.39706993103027        111.35332345962524        259.28174257278442     
   0.0000000000000000        0.0000000000000000        0.0000000000000000     
          17 m=   2.4475634861107754E-007 r=   1.0000000000000000      d=   3.0000000000000000     
  0.84831338881960439        1.1601661443710328E-002  0.36270546913146973     
   232.50338315963745        190.46473503112793        128.75657916069031     
   0.0000000000000000        0.0000000000000000        0.0000000000000000     
          18 m=   2.3906454894362081E-007 r=   1.0000000000000000      d=   3.0000000000000000     
  0.88968660251622156        1.2377145290374756E-002  0.32899105548858643     
   96.123365163803101        249.79384660720825        178.57649803161621     
   0.0000000000000000        0.0000000000000000        0.0000000000000000     
          19 m=   2.9424754159822348E-007 r=   1.0000000000000000      d=   3.0000000000000000     
  0.93016461650789339        7.2587007284164434E-003   5.0092600286006927E-002
   343.48746299743652        349.06476259231567        146.27974033355713     
   0.0000000000000000        0.0000000000000000        0.0000000000000000     
          20 m=   1.8583702327182161E-007 r=   1.0000000000000000      d=   3.0000000000000000     
  0.98006685590435938        1.1304730176925659E-002   9.8247133195400238E-002
   77.850102782249451        88.468190431594849        149.23842072486877     
   0.0000000000000000        0.0000000000000000        0.0000000000000000     
          21 m=   2.9697461905422331E-007 r=   1.0000000000000000      d=   3.0000000000000000     
   1.0116464339833684        1.1260554790496827E-002  0.18704783916473389     
   305.76277256011963        23.040703833103180        144.57528233528137     
   0.0000000000000000        0.0000000000000000        0.0000000000000000     
          22 m=   1.7354272232578386E-007 r=   1.0000000000000000      d=   3.0000000000000000     
   1.0621755860441466        1.7078219652175902E-002  0.37785851955413818     
   155.68950891494751        280.10956764221191        307.77500867843628     
   0.0000000000000000        0.0000000000000000        0.0000000000000000     
          23 m=   2.7291393194114799E-007 r=   1.0000000000000000      d=   3.0000000000000000     
   1.0917629901613231        8.9878857135772712E-003  0.39835387468338013     
   238.53970527648926        216.93393230438232        258.99569034576416     
   0.0000000000000000        0.0000000000000000        0.0000000000000000     
          24 m=   4.0073947337118728E-007 r=   1.0000000000000000      d=   3.0000000000000000     
   1.1383473519531824        3.7399473786354064E-003  0.32782715559005737     
   22.669765055179596        338.67538690567017        332.49791622161865     
   0.0000000000000000        0.0000000000000000        0.0000000000000000     
          25 m=   2.5712788678825969E-007 r=   1.0000000000000000      d=   3.0000000000000000     
   1.2068781548402907        1.6214379072189332E-002  0.25798523426055908     
   131.01934432983398        193.10020923614502        209.14301633834839     
   0.0000000000000000        0.0000000000000000        0.0000000000000000     
          26 m=   2.6637518703821812E-007 r=   1.0000000000000000      d=   3.0000000000000000     
   1.2509705183651993        1.3264364004135132E-002  0.40823894739151001     
   177.46275901794434        177.46845602989197        102.05658316612244     
   0.0000000000000000        0.0000000000000000        0.0000000000000000     
          27 m=   3.8294956857204602E-007 r=   1.0000000000000000      d=   3.0000000000000000     
   1.2967292448692467        1.2019482851028442E-002  0.19511613249778748     
   28.676561415195465        59.667922854423523        216.45851612091064     
   0.0000000000000000        0.0000000000000000        0.0000000000000000     
          28 m=   2.4005535179094911E-007 r=   1.0000000000000000      d=   3.0000000000000000     
   1.3626339857227454        1.0112588405609132E-002   6.3042432069778442E-002
   283.18423748016357        294.89581346511841        43.116837143898010     
   0.0000000000000000        0.0000000000000000        0.0000000000000000     
          29 m=   5.9198519878772242E-007 r=   1.0000000000000000      d=   3.0000000000000000     
   1.4040560127076720        1.8686004877090455E-002  0.16546523571014404     
   137.39380717277527        133.64030241966248        257.14520215988159     
   0.0000000000000000        0.0000000000000000        0.0000000000000000     
          30 m=   2.3374317187118812E-007 r=   1.0000000000000000      d=   3.0000000000000000     
   1.5063736204159859        7.1213907003402710E-003  0.31971263885498047     
   5.0789283961057663        219.79874610900879        259.55363273620605     
   0.0000000000000000        0.0000000000000000        0.0000000000000000     
          31 m=   3.3421667099628452E-007 r=   1.0000000000000000      d=   3.0000000000000000     
   1.5469390333268396        1.6204359531402587E-002   7.6770238578319550E-002
   310.24021625518799        172.50826835632324        140.39209842681885     
   0.0000000000000000        0.0000000000000000        0.0000000000000000     
          32 m=   6.7562944473088474E-007 r=   1.0000000000000000      d=   3.0000000000000000     
   1.6050355067150959        1.9533854722976685E-002  0.11214785277843475     
   302.50039100646973        300.43290138244629        311.22982263565063     
   0.0000000000000000        0.0000000000000000        0.0000000000000000     
          33 m=   7.0373575642859860E-007 r=   1.0000000000000000      d=   3.0000000000000000     
   1.7227525834631401        1.6598623991012574E-002   7.0551842451095581E-002
   83.696497678756714        204.68027114868164        89.441177845001221     
   0.0000000000000000        0.0000000000000000        0.0000000000000000     
          34 m=   6.2294032039581261E-007 r=   1.0000000000000000      d=   3.0000000000000000     
   1.8459454251881902        1.2803556919097901E-002  0.33810937404632568     
   255.55907249450684        131.45429134368896        301.07186794281006     
   0.0000000000000000        0.0000000000000000        0.0000000000000000     
          35 m=   4.4195787108212585E-007 r=   1.0000000000000000      d=   3.0000000000000000     
   1.9555332675247665        1.4111678600311279E-002   1.7481809481978416E-003
   8.1576886028051376        302.92274236679077        80.651342868804932     
   0.0000000000000000        0.0000000000000000        0.0000000000000000     
          36 m=   8.4915501757288051E-007 r=   1.0000000000000000      d=   3.0000000000000000     
   2.0336241881912511        3.3961528539657592E-003  0.29595461487770081     
   217.85970211029053        117.78130173683167        215.58920145034790     
   0.0000000000000000        0.0000000000000000        0.0000000000000000     
          37 m=   4.1854733322594335E-007 r=   1.0000000000000000      d=   3.0000000000000000     
   2.1841334509812778        4.0323066711425784E-003  0.39394283294677734     
   275.22071599960327        15.636244565248489        31.438925564289093     
   0.0000000000000000        0.0000000000000000        0.0000000000000000     
          38 m=   4.5533437554985861E-007 r=   1.0000000000000000      d=   3.0000000000000000     
   2.2587672315342173        1.0194708108901978E-002  0.47917163372039795     
   88.639701604843140        203.53955984115601        47.732843756675720     
   0.0000000000000000        0.0000000000000000        0.0000000000000000     
          39 m=   6.6174157219514885E-007 r=   1.0000000000000000      d=   3.0000000000000000     
   2.3402034919200236        1.5952637195587160E-002  0.26903691887855530     
   14.133182913064957        355.74852705001831        95.235747098922729     
   0.0000000000000000        0.0000000000000000        0.0000000000000000     
          40 m=   1.1684328314445492E-006 r=   1.0000000000000000      d=   3.0000000000000000     
   2.4589417012991284        1.2271879911422730E-002  0.47644898295402527     
   122.20137834548950        102.72395968437195        158.85271310806274     
   0.0000000000000000        0.0000000000000000        0.0000000000000000     
          41 m=   1.2788515746813099E-006 r=   1.0000000000000000      d=   3.0000000000000000     
   2.6695951249607073        2.5691959261894227E-003  0.16451427340507507     
   167.57196307182312        253.78224849700928        133.70465397834778     
   0.0000000000000000        0.0000000000000000        0.0000000000000000     
          42 m=   2.5862168925323083E-006 r=   1.0000000000000000      d=   1.5000000000000000     
   2.7000000000000002        7.1072834730148320E-003  0.24629224836826324     
   275.35744428634644        53.885310888290405        340.50098419189453     
   0.0000000000000000        0.0000000000000000        0.0000000000000000     
          43 m=   4.0187386359432362E-006 r=   1.0000000000000000      d=   1.5000000000000000     
   2.9353896322063742        3.9907342195510866E-003   2.3295380175113678E-002
   119.44670677185059        291.04371070861816        55.332958102226257     
   0.0000000000000000        0.0000000000000000        0.0000000000000000     
          44 m=   3.3981583423619586E-006 r=   1.0000000000000000      d=   1.5000000000000000     
   3.3046232921533787        5.2458977699279784E-003   1.1673873290419579E-002
   37.441875636577606        322.31957674026489        344.79176759719849     
   0.0000000000000000        0.0000000000000000        0.0000000000000000     
          45 m=   3.5323692506012565E-006 r=   1.0000000000000000      d=   1.5000000000000000     
   3.6214847238869945        1.4661681652069092E-002  0.22634725272655487     
   141.03965878486633        147.87545084953308        306.31711006164551     
   0.0000000000000000        0.0000000000000000        0.0000000000000000     
          46 m=   4.2065963510621600E-006 r=   1.0000000000000000      d=   1.5000000000000000     
   3.9550618870745544        4.5219343900680543E-003  0.37459814548492432     
   90.829424858093262        292.91954040527344        4.4939761608839035     
   0.0000000000000000        0.0000000000000000        0.0000000000000000     
          47 m=   5.7308610541000050E-006 r=   1.0000000000000000      d=   1.5000000000000000     
   4.3576453072215227        2.8394669294357300E-004  0.40125596523284912     
   108.35061192512512        146.81578516960144        143.45739126205444     
   0.0000000000000000        0.0000000000000000        0.0000000000000000     
          48 m=   8.1405249640503897E-006 r=   1.0000000000000000      d=   1.5000000000000000     
   4.9150087930307835        1.9014670848846435E-002   7.0720925927162170E-002
   197.85750389099121        82.878708243370056        315.53534746170044     
   0.0000000000000000        0.0000000000000000        0.0000000000000000     
