)O+_06 Big-body initial data  (WARNING: Do not delete  this line!!)
) Lines beginning with `)` are ignored.
)--------------------------------------------------
style (Cartesian, Asteroidal, Cometary) = Asteroidal
epoch (in days) = 0.
)--------------------------------------------------
           1 m=   1.3212396971951639E-007 r=   1.0000000000000000      d=   3.0000000000000000     
  0.50000000000000000        1.2603780031204223E-002  0.14549906551837921     
   288.48423957824707        105.05876898765564        1.9315371662378311     
   0.0000000000000000        0.0000000000000000        0.0000000000000000     
           2 m=   1.3929208320160611E-007 r=   1.0000000000000000      d=   3.0000000000000000     
  0.52202500832638976        1.4190315008163453E-002   2.2707358002662659E-002
   358.81431341171265        243.06251049041748        118.84269475936890     
   0.0000000000000000        0.0000000000000000        0.0000000000000000     
           3 m=   1.4994691831284419E-007 r=   1.0000000000000000      d=   3.0000000000000000     
  0.54526540383440236        1.6367512941360473E-002  0.25798964500427246     
   262.06327915191650        213.59535455703735        213.77825975418091     
   0.0000000000000000        0.0000000000000000        0.0000000000000000     
           4 m=   1.6163922870332977E-007 r=   1.0000000000000000      d=   3.0000000000000000     
  0.57030678925954470        1.5057330131530763E-002   9.3055941164493561E-002
   78.924815654754639        106.43008589744568        78.113157749176025     
   0.0000000000000000        0.0000000000000000        0.0000000000000000     
           5 m=   1.3666145311520644E-007 r=   1.0000000000000000      d=   3.0000000000000000     
  0.59732786227257395        6.3372679054737088E-004  0.28889346122741699     
   250.07931947708130        116.29475712776184        198.77233028411865     
   0.0000000000000000        0.0000000000000000        0.0000000000000000     
           6 m=   1.0911740862562123E-007 r=   1.0000000000000000      d=   3.0000000000000000     
  0.62019813059178164        1.5096848011016847E-002   1.7733406275510788E-002
   187.84773588180542        258.25462818145752        350.14498472213745     
   0.0000000000000000        0.0000000000000000        0.0000000000000000     
           7 m=   1.7666465336401854E-007 r=   1.0000000000000000      d=   3.0000000000000000     
  0.63847562107642464        1.2863552570343018E-002  0.28894194960594177     
   305.26046991348267        173.62939953804016        10.770206451416016     
   0.0000000000000000        0.0000000000000000        0.0000000000000000     
           8 m=   1.9775717440076626E-007 r=   1.0000000000000000      d=   3.0000000000000000     
  0.66808911845982000        8.5571223497390748E-003  0.16221264004707336     
   100.22229552268982        199.78744983673096        280.33285617828369     
   0.0000000000000000        0.0000000000000000        0.0000000000000000     
           9 m=   9.5358769484132464E-008 r=   1.0000000000000000      d=   3.0000000000000000     
  0.70127754956004940        7.1055704355239870E-003  0.14963218569755554     
   232.88060903549194        114.04851436614990        214.07351732254028     
   0.0000000000000000        0.0000000000000000        0.0000000000000000     
          10 m=   1.3734379515001037E-007 r=   1.0000000000000000      d=   3.0000000000000000     
  0.71730231402609956        1.0847790241241455E-002  0.37846210598945618     
   241.60742282867432        353.30342531204224        329.61263179779053     
   0.0000000000000000        0.0000000000000000        0.0000000000000000     
          11 m=   1.4820940717601569E-007 r=   1.0000000000000000      d=   3.0000000000000000     
  0.74039733915834660        6.8055015802383420E-003  0.23124466836452484     
   46.808736920356750        327.69212722778320        111.08997344970703     
   0.0000000000000000        0.0000000000000000        0.0000000000000000     
          12 m=   2.0577738304870637E-007 r=   1.0000000000000000      d=   3.0000000000000000     
  0.76534250336678278        2.2253181040287019E-003  0.35119342803955078     
   290.86580514907837        206.42602443695068        283.00216913223267     
   0.0000000000000000        0.0000000000000000        0.0000000000000000     
          13 m=   1.3341643813460125E-007 r=   1.0000000000000000      d=   3.0000000000000000     
  0.80001152442294265        1.2107529640197755E-002  0.46631711721420288     
   83.398745656013489        152.64750838279724        215.73504924774170     
   0.0000000000000000        0.0000000000000000        0.0000000000000000     
          14 m=   1.9771585659177626E-007 r=   1.0000000000000000      d=   3.0000000000000000     
  0.82252049033327512        1.1360731720924378E-003   9.3403078615665436E-002
   258.69489669799805        10.660706609487534        215.93604326248169     
   0.0000000000000000        0.0000000000000000        0.0000000000000000     
          15 m=   2.7389943628863717E-007 r=   1.0000000000000000      d=   3.0000000000000000     
  0.85590759225426138        1.1780340671539307E-002  0.30469444394111633     
   84.903100132942200        216.38216972351074        195.04792213439941     
   0.0000000000000000        0.0000000000000000        0.0000000000000000     
          16 m=   3.0663118339726554E-007 r=   1.0000000000000000      d=   3.0000000000000000     
  0.90222117238016597        1.4160666465759277E-002  0.48113867640495300     
   39.111132323741913        97.566211223602295        192.94629335403442     
   0.0000000000000000        0.0000000000000000        0.0000000000000000     
          17 m=   3.3288312702268303E-007 r=   1.0000000000000000      d=   3.0000000000000000     
  0.95416549461743205        1.7837779521942140E-002   9.7239136695861816E-002
   170.77323317527771        45.953487753868103        61.372547149658203     
   0.0000000000000000        0.0000000000000000        0.0000000000000000     
          18 m=   3.0580020511830255E-007 r=   1.0000000000000000      d=   3.0000000000000000     
   1.0106742722115862        1.3203564882278442E-002  0.41454181075096130     
   99.967013597488403        41.250301301479340        96.893094778060913     
   0.0000000000000000        0.0000000000000000        0.0000000000000000     
          19 m=   3.6193914346585868E-007 r=   1.0000000000000000      d=   3.0000000000000000     
   1.0627030424094732        1.7735524177551271E-002  0.35552820563316345     
   84.061707258224487        196.47567272186279        355.05149602890015     
   0.0000000000000000        0.0000000000000000        0.0000000000000000     
          20 m=   1.5461678631460596E-007 r=   1.0000000000000000      d=   3.0000000000000000     
   1.1244115687033940        1.3456255197525024E-002  0.17793750762939453     
   124.58423137664795        178.81208181381226        23.378511965274811     
   0.0000000000000000        0.0000000000000000        0.0000000000000000     
          21 m=   1.7882764623562774E-007 r=   1.0000000000000000      d=   3.0000000000000000     
   1.1508379836344569        3.9884698390960692E-003   3.2733485102653503E-002
   176.07579946517944        272.99946069717407        311.68669939041138     
   0.0000000000000000        0.0000000000000000        0.0000000000000000     
          22 m=   3.3902921642914040E-007 r=   1.0000000000000000      d=   3.0000000000000000     
   1.1814347367077529        2.0124660432338714E-003   8.7635256350040436E-002
   92.946835756301880        166.43090844154358        87.499709129333496     
   0.0000000000000000        0.0000000000000000        0.0000000000000000     
          23 m=   3.9456850280448784E-007 r=   1.0000000000000000      d=   3.0000000000000000     
   1.2395124257651131        4.2765176296234129E-003  0.14500913023948669     
   107.54496216773987        259.79192018508911        353.30554962158203     
   0.0000000000000000        0.0000000000000000        0.0000000000000000     
          24 m=   2.8083993488604166E-007 r=   1.0000000000000000      d=   3.0000000000000000     
   1.3072615254130815        1.4412249326705933E-002  0.24026274681091309     
   326.24236106872559        263.09320449829102        15.839499682188034     
   0.0000000000000000        0.0000000000000000        0.0000000000000000     
          25 m=   5.4531816241162966E-007 r=   1.0000000000000000      d=   3.0000000000000000     
   1.3556137990231580        1.7605115175247193E-002  0.30022579431533813     
  0.92116923071444035        15.499332547187805        114.59181189537048     
   0.0000000000000000        0.0000000000000000        0.0000000000000000     
          26 m=   2.6702890468875391E-007 r=   1.0000000000000000      d=   3.0000000000000000     
   1.4496831102471968        1.4187965393066406E-002   3.3889688551425934E-002
   302.03628301620483        30.612319707870483        254.41396236419678     
   0.0000000000000000        0.0000000000000000        0.0000000000000000     
          27 m=   5.1688661527775642E-007 r=   1.0000000000000000      d=   3.0000000000000000     
   1.4959201932112958        1.2793477773666382E-002  0.30218052864074707     
   321.27654075622559        126.37091517448425        281.20427370071411     
   0.0000000000000000        0.0000000000000000        0.0000000000000000     
          28 m=   4.9824757667079223E-007 r=   1.0000000000000000      d=   3.0000000000000000     
   1.5855867843712512        8.8455939292907716E-003  0.16970266401767731     
   81.506490111351013        207.90078878402710        101.85222029685974     
   0.0000000000000000        0.0000000000000000        0.0000000000000000     
          29 m=   3.8459055222618101E-007 r=   1.0000000000000000      d=   3.0000000000000000     
   1.6723305430567628        5.1916116476058965E-003  0.22995273768901825     
   320.26700019836426        123.20171356201172        329.60057258605957     
   0.0000000000000000        0.0000000000000000        0.0000000000000000     
          30 m=   8.0451352283092186E-007 r=   1.0000000000000000      d=   3.0000000000000000     
   1.7395196001138393        1.2134639024734497E-002  0.37218737602233887     
   285.95581769943237        35.285344719886780        153.23049187660217     
   0.0000000000000000        0.0000000000000000        0.0000000000000000     
          31 m=   6.5840210469430584E-007 r=   1.0000000000000000      d=   3.0000000000000000     
   1.8804486346840961        2.6272851228713989E-003  0.47245848178863525     
   303.52613210678101        334.78830814361572        339.95636701583862     
   0.0000000000000000        0.0000000000000000        0.0000000000000000     
          32 m=   8.8294142229614640E-007 r=   1.0000000000000000      d=   3.0000000000000000     
   1.9964348899386601        7.7603828907012945E-003   1.3289732858538628E-002
   349.61897134780884        36.364772915840149        274.11742687225342     
   0.0000000000000000        0.0000000000000000        0.0000000000000000     
          33 m=   8.9026432959719397E-007 r=   1.0000000000000000      d=   3.0000000000000000     
   2.1527000265225253        1.1378312110900879E-002  0.34365534782409668     
   320.30478715896606        75.966950654983521        62.448509931564331     
   0.0000000000000000        0.0000000000000000        0.0000000000000000     
          34 m=   6.5878315223146374E-007 r=   1.0000000000000000      d=   3.0000000000000000     
   2.3112491262354156        1.0375807285308838E-002  0.13098794221878052     
   298.54230880737305        158.65136504173279        261.18482351303101     
   0.0000000000000000        0.0000000000000000        0.0000000000000000     
          35 m=   1.0420537404444620E-006 r=   1.0000000000000000      d=   3.0000000000000000     
   2.4293196722116615        8.2170337438583381E-003  0.48714050650596619     
   266.16231679916382        180.77975034713745        319.26218032836914     
   0.0000000000000000        0.0000000000000000        0.0000000000000000     
          36 m=   8.5021500624164298E-007 r=   1.0000000000000000      d=   3.0000000000000000     
   2.6169660994064703        4.9812701344490052E-003  0.26692441105842590     
   166.48563623428345        161.08316302299500        346.11465454101562     
   0.0000000000000000        0.0000000000000000        0.0000000000000000     
          37 m=   2.3701110522967227E-006 r=   1.0000000000000000      d=   1.5000000000000000     
   2.7000000000000002        1.8148587942123415E-002  0.38820350170135498     
   250.47027826309204        127.11806058883667        310.91184139251709     
   0.0000000000000000        0.0000000000000000        0.0000000000000000     
          38 m=   3.0240222801498025E-006 r=   1.0000000000000000      d=   1.5000000000000000     
   2.9157203328534900        1.6010022163391112E-002   9.5735356211662292E-002
   211.61060571670532        43.024346530437469        180.45496702194214     
   0.0000000000000000        0.0000000000000000        0.0000000000000000     
          39 m=   4.4182715829924695E-006 r=   1.0000000000000000      d=   1.5000000000000000     
   3.1933429339234576        4.7620111703872686E-003  0.30454307794570923     
   121.77481055259705        294.41213607788086        295.91762781143188     
   0.0000000000000000        0.0000000000000000        0.0000000000000000     
          40 m=   5.4734757890128456E-006 r=   1.0000000000000000      d=   1.5000000000000000     
   3.6034951273483751        1.3283809423446655E-002  0.40272098779678345     
   48.710846900939941        301.94225549697876        22.830906808376312     
   0.0000000000000000        0.0000000000000000        0.0000000000000000     
          41 m=   3.7919762327535726E-006 r=   1.0000000000000000      d=   1.5000000000000000     
   4.1200077097902268        4.1044559329748157E-004   3.6525078117847443E-002
   42.291003763675690        40.150367617607117        141.98569536209106     
   0.0000000000000000        0.0000000000000000        0.0000000000000000     
          42 m=   5.3076125083880773E-006 r=   1.0000000000000000      d=   1.5000000000000000     
   4.4853130772292076        8.4042745828628550E-003  0.37816283106803894     
   96.091586351394653        86.717094182968140        11.608819216489792     
   0.0000000000000000        0.0000000000000000        0.0000000000000000     
