)O+_06 Big-body initial data  (WARNING: Do not delete  this line!!)
) Lines beginning with `)` are ignored.
)--------------------------------------------------
style (Cartesian, Asteroidal, Cometary) = Asteroidal
epoch (in days) = 0.
)--------------------------------------------------
           1 m=   7.9806732729887062E-008 r=   1.0000000000000000      d=   3.0000000000000000     
  0.50000000000000000        1.9789466857910158E-002  0.38711467385292053     
   84.785748124122620        21.053001880645752        230.09671211242676     
   0.0000000000000000        0.0000000000000000        0.0000000000000000     
           2 m=   9.3119728469558586E-008 r=   1.0000000000000000      d=   3.0000000000000000     
  0.51330374765918108        1.9941400289535522E-002  0.35615324974060059     
   48.673515915870667        220.49077749252319        202.50085830688477     
   0.0000000000000000        0.0000000000000000        0.0000000000000000     
           3 m=   8.8070532259876727E-008 r=   1.0000000000000000      d=   3.0000000000000000     
  0.52883502869289256        1.7621279954910279E-002   3.8508705794811249E-002
   184.45416212081909        214.26833152770996        60.840026736259460     
   0.0000000000000000        0.0000000000000000        0.0000000000000000     
           4 m=   7.7342331423694445E-008 r=   1.0000000000000000      d=   3.0000000000000000     
  0.54353329136196571        1.8473453521728515E-002  0.13924573361873627     
   264.47216033935547        115.78563094139099        1.1307467333972454     
   0.0000000000000000        0.0000000000000000        0.0000000000000000     
           5 m=   6.9489378104407163E-008 r=   1.0000000000000000      d=   3.0000000000000000     
  0.55644869482548942        1.9487670660018920E-002   2.8183033689856529E-002
   283.49196195602417        299.46389436721802        187.39470005035400     
   0.0000000000000000        0.0000000000000000        0.0000000000000000     
           6 m=   7.0095124130202047E-008 r=   1.0000000000000000      d=   3.0000000000000000     
  0.56805872923084033        1.2869579792022705E-002  0.31168428063392639     
   54.508575797080994        131.84887647628784        162.14282870292664     
   0.0000000000000000        0.0000000000000000        0.0000000000000000     
           7 m=   8.3564626624181941E-008 r=   1.0000000000000000      d=   3.0000000000000000     
  0.57977540947432682        1.1798974275588989E-002  0.19818456470966339     
   223.30342769622803        319.10099029541016        199.71440792083740     
   0.0000000000000000        0.0000000000000000        0.0000000000000000     
           8 m=   1.7143297496174623E-007 r=   1.0000000000000000      d=   3.0000000000000000     
  0.59375011886521034        1.0815587043762207E-002  0.29764124751091003     
   343.10225486755371        299.18910741806030        103.43077540397644     
   0.0000000000000000        0.0000000000000000        0.0000000000000000     
           9 m=   1.0828582640031268E-007 r=   1.0000000000000000      d=   3.0000000000000000     
  0.62243528936488957        8.6722838878631591E-003  0.33213725686073303     
   222.89824247360229        255.91248035430908        21.910792440176010     
   0.0000000000000000        0.0000000000000000        0.0000000000000000     
          10 m=   1.2078693150961515E-007 r=   1.0000000000000000      d=   3.0000000000000000     
  0.64057511054725580        1.1707161664962770E-002  0.43017643690109253     
   242.94187545776367        186.66554689407349        346.66770458221436     
   0.0000000000000000        0.0000000000000000        0.0000000000000000     
          11 m=   1.8101582590361569E-007 r=   1.0000000000000000      d=   3.0000000000000000     
  0.66082377836638340        1.6750226020812990E-002   3.3366505056619644E-002
   247.82935380935669        76.327793598175049        301.67585849761963     
   0.0000000000000000        0.0000000000000000        0.0000000000000000     
          12 m=   1.7058858605262266E-007 r=   1.0000000000000000      d=   3.0000000000000000     
  0.69119377954862282        4.8386183381080626E-003  0.19538804888725281     
   322.69452810287476        57.509071826934814        204.83465909957886     
   0.0000000000000000        0.0000000000000000        0.0000000000000000     
          13 m=   1.4536223417891411E-007 r=   1.0000000000000000      d=   3.0000000000000000     
  0.71984913586833554        8.9531761407852170E-003   8.6735129356384277E-002
   183.94022941589355        115.84157109260559        214.04311180114746     
   0.0000000000000000        0.0000000000000000        0.0000000000000000     
          14 m=   1.1514944829872277E-007 r=   1.0000000000000000      d=   3.0000000000000000     
  0.74429499064719984        1.6554112732410432E-003  0.14164665341377258     
   3.1716152653098106        19.145054072141647        74.005703330039978     
   0.0000000000000000        0.0000000000000000        0.0000000000000000     
          15 m=   9.2035781454268419E-008 r=   1.0000000000000000      d=   3.0000000000000000     
  0.76367884632783967        1.7232949733734130E-002  0.34846344590187073     
   31.668790876865387        212.86819696426392        290.68553924560547     
   0.0000000000000000        0.0000000000000000        0.0000000000000000     
          16 m=   1.0811035179996770E-007 r=   1.0000000000000000      d=   3.0000000000000000     
  0.77918384532099194        1.5534648299217226E-003  0.42985698580741882     
   244.97797250747681        352.18719720840454        152.14970111846924     
   0.0000000000000000        0.0000000000000000        0.0000000000000000     
          17 m=   1.1910454183502329E-007 r=   1.0000000000000000      d=   3.0000000000000000     
  0.79740817940598330        1.8871777057647705E-002  0.30018651485443115     
   341.49780035018921        137.26341962814331        341.20078325271606     
   0.0000000000000000        0.0000000000000000        0.0000000000000000     
          18 m=   9.9824892547321113E-008 r=   1.0000000000000000      d=   3.0000000000000000     
  0.81750046300723411        4.3516191840171818E-003   6.4264565706253052E-002
   184.26376819610596        123.64797949790955        272.25174665451050     
   0.0000000000000000        0.0000000000000000        0.0000000000000000     
          19 m=   1.1675591758896796E-007 r=   1.0000000000000000      d=   3.0000000000000000     
  0.83435391494402200        1.4475080966949463E-002   1.5713984146714211E-002
   264.69182252883911        122.62772083282471        200.11105298995972     
   0.0000000000000000        0.0000000000000000        0.0000000000000000     
          20 m=   2.5486293886907805E-007 r=   1.0000000000000000      d=   3.0000000000000000     
  0.85407912747401349        1.9259412586688995E-003   6.4676301553845406E-003
   53.331863880157471        107.42146253585815        65.987427234649658     
   0.0000000000000000        0.0000000000000000        0.0000000000000000     
          21 m=   2.9280337707356793E-007 r=   1.0000000000000000      d=   3.0000000000000000     
  0.89717067973184894        1.3589073419570923E-002   3.3988822251558304E-002
   154.69846487045288        145.17707347869873        290.04062891006470     
   0.0000000000000000        0.0000000000000000        0.0000000000000000     
          22 m=   2.7855553588448232E-007 r=   1.0000000000000000      d=   3.0000000000000000     
  0.94676250695398223        1.1140121221542358E-002  0.25156936049461365     
   89.005860686302185        198.96514892578125        249.29665088653564     
   0.0000000000000000        0.0000000000000000        0.0000000000000000     
          23 m=   3.0179459638543874E-007 r=   1.0000000000000000      d=   3.0000000000000000     
  0.99403487094574139        1.1898360252380372E-002  0.14709813892841339     
   221.85323238372803        256.48692369461060        202.76927232742310     
   0.0000000000000000        0.0000000000000000        0.0000000000000000     
          24 m=   2.4234422876960865E-007 r=   1.0000000000000000      d=   3.0000000000000000     
   1.0453479637447032        2.1280756592750548E-003  0.43187430500984192     
   184.99283552169800        23.034615218639374        335.96174240112305     
   0.0000000000000000        0.0000000000000000        0.0000000000000000     
          25 m=   2.2522349544599133E-007 r=   1.0000000000000000      d=   3.0000000000000000     
   1.0866375768805669        1.1504625082015992E-002   4.9775601364672184E-003
   338.54546070098877        248.09980630874634        207.62327671051025     
   0.0000000000000000        0.0000000000000000        0.0000000000000000     
          26 m=   3.1582383573862418E-007 r=   1.0000000000000000      d=   3.0000000000000000     
   1.1250736579200633        5.0689929723739622E-003   6.4841873943805695E-002
   3.8122173026204109        316.31610631942749        192.97199964523315     
   0.0000000000000000        0.0000000000000000        0.0000000000000000     
          27 m=   4.3689315281942416E-007 r=   1.0000000000000000      d=   3.0000000000000000     
   1.1790542958864119        1.0848001390695572E-003  0.14405393600463867     
   5.5409489572048187        259.62367057800293        21.959416866302490     
   0.0000000000000000        0.0000000000000000        0.0000000000000000     
          28 m=   2.8290104123029030E-007 r=   1.0000000000000000      d=   3.0000000000000000     
   1.2538895240566497        8.1691336631774907E-003  0.23263262212276459     
   149.94840145111084        52.035294771194458        354.41298007965088     
   0.0000000000000000        0.0000000000000000        0.0000000000000000     
          29 m=   2.0372544545936368E-007 r=   1.0000000000000000      d=   3.0000000000000000     
   1.3024927858283455        1.1482691764831543E-002  0.16070993244647980     
   292.13856697082520        60.535606741905212        163.71176004409790     
   0.0000000000000000        0.0000000000000000        0.0000000000000000     
          30 m=   4.8142507499250404E-007 r=   1.0000000000000000      d=   3.0000000000000000     
   1.3375615507735124        8.8862657546997081E-003  0.14371448755264282     
   272.07137346267700        334.62887763977051        136.59508824348450     
   0.0000000000000000        0.0000000000000000        0.0000000000000000     
          31 m=   2.7292253526526634E-007 r=   1.0000000000000000      d=   3.0000000000000000     
   1.4205491323585058        1.0798959732055665E-002  0.44152820110321045     
   261.84702873229980        65.636492371559143        287.70062685012817     
   0.0000000000000000        0.0000000000000000        0.0000000000000000     
          32 m=   6.1476834760904091E-007 r=   1.0000000000000000      d=   3.0000000000000000     
   1.4677516801648332        1.0549947023391723E-002  0.32983937859535217     
   316.40959739685059        148.54299902915955        240.18123865127563     
   0.0000000000000000        0.0000000000000000        0.0000000000000000     
          33 m=   5.2674012488540739E-007 r=   1.0000000000000000      d=   3.0000000000000000     
   1.5742781499632823        8.5641932487487797E-003  0.36680242419242859     
   229.11948680877686        165.26718378067017        123.11081886291504     
   0.0000000000000000        0.0000000000000000        0.0000000000000000     
          34 m=   3.2817068123825384E-007 r=   1.0000000000000000      d=   3.0000000000000000     
   1.6659409232381734        1.0381869077682496E-002   8.7778210639953613E-002
   283.14378976821899        358.81251096725464        80.343033671379089     
   0.0000000000000000        0.0000000000000000        0.0000000000000000     
          35 m=   4.7862685311173927E-007 r=   1.0000000000000000      d=   3.0000000000000000     
   1.7232586178806095        1.5841664075851442E-002  0.47966325283050537     
   10.342388078570366        213.14639568328857        287.93779850006104     
   0.0000000000000000        0.0000000000000000        0.0000000000000000     
          36 m=   4.6998832511879923E-007 r=   1.0000000000000000      d=   3.0000000000000000     
   1.8070465953062664        9.2551660537719734E-003   5.2308615297079086E-002
   6.0186249017715454        177.06945061683655        15.256375372409821     
   0.0000000000000000        0.0000000000000000        0.0000000000000000     
          37 m=   5.6400826458052825E-007 r=   1.0000000000000000      d=   3.0000000000000000     
   1.8895985312209604        1.3532178401947021E-002  0.11076738685369492     
   241.33478164672852        206.36263847351074        218.42290163040161     
   0.0000000000000000        0.0000000000000000        0.0000000000000000     
          38 m=   8.7013141009944278E-007 r=   1.0000000000000000      d=   3.0000000000000000     
   1.9889924318229604        9.1756977140903476E-004  0.10056652128696442     
   130.16880512237549        359.80325460433960        356.02988004684448     
   0.0000000000000000        0.0000000000000000        0.0000000000000000     
          39 m=   4.4319210836414016E-007 r=   1.0000000000000000      d=   3.0000000000000000     
   2.1429445829369711        6.7025022581219680E-005  0.37753668427467346     
   320.77915191650391        296.77265167236328        194.03891801834106     
   0.0000000000000000        0.0000000000000000        0.0000000000000000     
          40 m=   7.1911471960356323E-007 r=   1.0000000000000000      d=   3.0000000000000000     
   2.2218428304437077        4.4606593251228337E-003  0.36500135064125061     
   306.02416992187500        279.48523521423340        31.541801691055298     
   0.0000000000000000        0.0000000000000000        0.0000000000000000     
          41 m=   9.1957224574463605E-007 r=   1.0000000000000000      d=   3.0000000000000000     
   2.3502662173998559        4.8781183362007138E-003  0.36398100852966309     
   143.73728513717651        102.46719717979431        293.28532934188843     
   0.0000000000000000        0.0000000000000000        0.0000000000000000     
          42 m=   1.1121907112186632E-006 r=   1.0000000000000000      d=   3.0000000000000000     
   2.5153341602203603        1.8471453189849853E-002  0.18872341513633728     
   47.310277819633484        111.91480636596680        278.80719423294067     
   0.0000000000000000        0.0000000000000000        0.0000000000000000     
          43 m=   3.5499002981378319E-006 r=   1.0000000000000000      d=   1.5000000000000000     
   2.7000000000000002        1.5694555044174194E-002  0.12552881240844727     
   85.987747907638550        97.237029075622559        36.186929047107697     
   0.0000000000000000        0.0000000000000000        0.0000000000000000     
          44 m=   3.7658258411355304E-006 r=   1.0000000000000000      d=   1.5000000000000000     
   3.0231011783894775        4.4604477286338809E-003  0.19971652328968048     
   176.39756798744202        119.85174179077148        284.48146104812622     
   0.0000000000000000        0.0000000000000000        0.0000000000000000     
          45 m=   3.6534560410650948E-006 r=   1.0000000000000000      d=   1.5000000000000000     
   3.3703137647430590        1.5511168241500855E-002  0.13346040248870850     
   37.796080112457275        1.9064105674624443        267.07866668701172     
   0.0000000000000000        0.0000000000000000        0.0000000000000000     
          46 m=   5.9365944286967004E-006 r=   1.0000000000000000      d=   1.5000000000000000     
   3.7118767614734272        1.2709895372390747E-002  0.37760525941848755     
   260.85021257400513        115.95986723899841        252.50169754028320     
   0.0000000000000000        0.0000000000000000        0.0000000000000000     
          47 m=   6.0607102888534326E-006 r=   1.0000000000000000      d=   1.5000000000000000     
   4.2745261693507652        1.0859150886535645E-002   1.9114252645522356E-003
   42.786292433738708        17.171724736690521        39.948230981826782     
   0.0000000000000000        0.0000000000000000        0.0000000000000000     
          48 m=   5.8156663872557491E-006 r=   1.0000000000000000      d=   1.5000000000000000     
   4.8620131300787666        1.1733430624008180E-002  0.13971096277236938     
   237.06086397171021        354.39452648162842        170.25300264358521     
   0.0000000000000000        0.0000000000000000        0.0000000000000000     
