)O+_06 Big-body initial data  (WARNING: Do not delete  this line!!)
) Lines beginning with `)` are ignored.
)--------------------------------------------------
style (Cartesian, Asteroidal, Cometary) = Asteroidal
epoch (in days) = 0.
)--------------------------------------------------
           1 m=   1.0172444944649401E-007 r=   1.0000000000000000      d=   3.0000000000000000     
  0.50000000000000000        5.0231242179870610E-003   5.6306056678295135E-002
   131.83841586112976        136.29383325576782        193.71070146560669     
   0.0000000000000000        0.0000000000000000        0.0000000000000000     
           2 m=   6.4312606629537639E-008 r=   1.0000000000000000      d=   3.0000000000000000     
  0.51695742150960744        9.2507320642471313E-003  0.46749481558799744     
   232.07598924636841        137.26002931594849        350.56868791580200     
   0.0000000000000000        0.0000000000000000        0.0000000000000000     
           3 m=   1.4433505830106103E-007 r=   1.0000000000000000      d=   3.0000000000000000     
  0.52768557949066064        1.1532515287399292E-002  0.10071410983800888     
   172.85126924514771        118.64544510841370        355.86311101913452     
   0.0000000000000000        0.0000000000000000        0.0000000000000000     
           4 m=   7.6954937004923312E-008 r=   1.0000000000000000      d=   3.0000000000000000     
  0.55177283099217511        1.8599375486373901E-002   6.6985651850700378E-002
   123.04686427116394        144.38013553619385        287.49345302581787     
   0.0000000000000000        0.0000000000000000        0.0000000000000000     
           5 m=   1.4535209385110139E-007 r=   1.0000000000000000      d=   3.0000000000000000     
  0.56462777948014531        1.9591828584671022E-002  0.45147851109504700     
   6.7003773897886276        355.89029788970947        313.49967956542969     
   0.0000000000000000        0.0000000000000000        0.0000000000000000     
           6 m=   1.0851605823165525E-007 r=   1.0000000000000000      d=   3.0000000000000000     
  0.58892062896440200        1.1581689119338989E-002  0.28781980276107788     
   303.77289533615112        164.78986859321594        46.021535396575928     
   0.0000000000000000        0.0000000000000000        0.0000000000000000     
           7 m=   1.5280240276266727E-007 r=   1.0000000000000000      d=   3.0000000000000000     
  0.60707466474042082        4.0609976649284363E-003  0.12863606214523315     
   49.310175776481628        84.026452302932739        324.68582153320312     
   0.0000000000000000        0.0000000000000000        0.0000000000000000     
           8 m=   1.2608900456281017E-007 r=   1.0000000000000000      d=   3.0000000000000000     
  0.63265608946868457        1.7318344116210940E-002  0.31407076120376587     
   229.05459880828857        332.50971794128418        252.45970487594604     
   0.0000000000000000        0.0000000000000000        0.0000000000000000     
           9 m=   7.8887397017180827E-008 r=   1.0000000000000000      d=   3.0000000000000000     
  0.65378689999773743        1.8198921680450439E-002   3.6589041352272034E-002
   327.52791166305542        211.38414144515991        191.49412393569946     
   0.0000000000000000        0.0000000000000000        0.0000000000000000     
          10 m=   1.4303698864579914E-007 r=   1.0000000000000000      d=   3.0000000000000000     
  0.66701853906896125        9.3308645486831661E-003  0.35327145457267761     
   298.70334863662720        237.55044221878052        184.31136131286621     
   0.0000000000000000        0.0000000000000000        0.0000000000000000     
          11 m=   1.7730887195514429E-007 r=   1.0000000000000000      d=   3.0000000000000000     
  0.69102257316865234        1.4183367490768433E-002  0.43567681312561035     
   10.394591912627220        31.642269194126129        56.974378824234009     
   0.0000000000000000        0.0000000000000000        0.0000000000000000     
          12 m=   1.4313046243510893E-007 r=   1.0000000000000000      d=   3.0000000000000000     
  0.72080659463960162        4.4896712899208067E-003  0.46062767505645752     
   107.55747199058533        310.63280582427979        350.50304889678955     
   0.0000000000000000        0.0000000000000000        0.0000000000000000     
          13 m=   9.2068121651448119E-008 r=   1.0000000000000000      d=   3.0000000000000000     
  0.74487804982417427        6.1213284730911256E-004  0.17286208271980286     
   175.89878439903259        237.06305265426636        260.73451280593872     
   0.0000000000000000        0.0000000000000000        0.0000000000000000     
          14 m=   2.0032951586228932E-007 r=   1.0000000000000000      d=   3.0000000000000000     
  0.76037683711016824        8.6838752031326294E-003   7.8139372169971466E-002
   252.28956699371338        49.229328632354736        290.45783042907715     
   0.0000000000000000        0.0000000000000000        0.0000000000000000     
          15 m=   2.5510895859069504E-007 r=   1.0000000000000000      d=   3.0000000000000000     
  0.79412130761661570        1.6458863019943239E-002  0.32605350017547607     
   165.87763309478760        16.625109314918518        214.65699434280396     
   0.0000000000000000        0.0000000000000000        0.0000000000000000     
          16 m=   2.6021624062472635E-007 r=   1.0000000000000000      d=   3.0000000000000000     
  0.83715113340646485        4.6906128525733949E-003  0.30041199922561646     
   166.58109068870544        36.135296523571014        18.664895743131638     
   0.0000000000000000        0.0000000000000000        0.0000000000000000     
          17 m=   1.2926558804265777E-007 r=   1.0000000000000000      d=   3.0000000000000000     
  0.88111802684571416        1.4955166578292847E-002   2.8445232659578323E-002
   105.92142105102539        24.886355996131897        107.68216252326965     
   0.0000000000000000        0.0000000000000000        0.0000000000000000     
          18 m=   1.8291101970284777E-007 r=   1.0000000000000000      d=   3.0000000000000000     
  0.90299756205214732        7.6002180576324469E-004  0.20205977559089661     
   203.86588811874390        316.46914243698120        312.32877731323242     
   0.0000000000000000        0.0000000000000000        0.0000000000000000     
          19 m=   2.0702491520149852E-007 r=   1.0000000000000000      d=   3.0000000000000000     
  0.93398424746522968        8.3856856822967524E-003  0.30376008152961731     
   297.75682926177979        76.930148005485535        173.90843510627747     
   0.0000000000000000        0.0000000000000000        0.0000000000000000     
          20 m=   3.0233734281058468E-007 r=   1.0000000000000000      d=   3.0000000000000000     
  0.96909952954789469        1.9851495325565339E-003   4.1698053479194641E-002
   302.71061182022095        295.01492500305176        252.15597152709961     
   0.0000000000000000        0.0000000000000000        0.0000000000000000     
          21 m=   3.3473819156479950E-007 r=   1.0000000000000000      d=   3.0000000000000000     
   1.0204536567861255        1.9471119642257690E-002  0.16478617489337921     
   139.60800290107727        107.69711852073669        146.36037826538086     
   0.0000000000000000        0.0000000000000000        0.0000000000000000     
          22 m=   2.1374172729868226E-007 r=   1.0000000000000000      d=   3.0000000000000000     
   1.0774282114245091        1.5409634113311768E-002  0.40444052219390869     
   29.479185640811920        358.71376276016235        216.90408468246460     
   0.0000000000000000        0.0000000000000000        0.0000000000000000     
          23 m=   2.7024426922206715E-007 r=   1.0000000000000000      d=   3.0000000000000000     
   1.1138914079054054        6.1854749917984011E-003   9.4172865152359009E-002
   326.32456541061401        318.68003368377686        213.46242427825928     
   0.0000000000000000        0.0000000000000000        0.0000000000000000     
          24 m=   2.4296454657604749E-007 r=   1.0000000000000000      d=   3.0000000000000000     
   1.1600609265440565        1.7456497997045517E-004  0.27137312293052673     
   162.41955757141113        101.68371319770813        240.04642009735107     
   0.0000000000000000        0.0000000000000000        0.0000000000000000     
          25 m=   2.2608500741430473E-007 r=   1.0000000000000000      d=   3.0000000000000000     
   1.2016466064248230        8.4508532285690312E-003  0.25117948651313782     
  0.99135358817875385        315.33795833587646        247.71170139312744     
   0.0000000000000000        0.0000000000000000        0.0000000000000000     
          26 m=   2.7945263728721110E-007 r=   1.0000000000000000      d=   3.0000000000000000     
   1.2404076160685802        1.0942475795745850E-002  0.29622083902359009     
   293.74847173690796        101.07143998146057        61.808084249496460     
   0.0000000000000000        0.0000000000000000        0.0000000000000000     
          27 m=   4.1449926180392175E-007 r=   1.0000000000000000      d=   3.0000000000000000     
   1.2883925474088496        8.3266633749008185E-003  0.14791239798069000     
   327.80057430267334        257.38831758499146        300.79094409942627     
   0.0000000000000000        0.0000000000000000        0.0000000000000000     
          28 m=   5.1852985752238606E-007 r=   1.0000000000000000      d=   3.0000000000000000     
   1.3597031342194170        1.0539230108261109E-002  0.31171157956123352     
   234.76691007614136        261.13978385925293        324.78746652603149     
   0.0000000000000000        0.0000000000000000        0.0000000000000000     
          29 m=   3.9926474467780148E-007 r=   1.0000000000000000      d=   3.0000000000000000     
   1.4491660006775942        1.3813812732696534E-002  0.26113435626029968     
   143.46702575683594        120.15842556953430        201.26858711242676     
   0.0000000000000000        0.0000000000000000        0.0000000000000000     
          30 m=   6.6241246856821365E-007 r=   1.0000000000000000      d=   3.0000000000000000     
   1.5182987984874499        2.9167744517326357E-003  0.11570714414119720     
   32.706658244132996        347.73215532302856        182.34746932983398     
   0.0000000000000000        0.0000000000000000        0.0000000000000000     
          31 m=   5.1644298957523111E-007 r=   1.0000000000000000      d=   3.0000000000000000     
   1.6333133070283414        9.0201330184936524E-003  0.24504835903644562     
   10.546282231807709        213.93045902252197        330.54623365402222     
   0.0000000000000000        0.0000000000000000        0.0000000000000000     
          32 m=   4.5827979727232120E-007 r=   1.0000000000000000      d=   3.0000000000000000     
   1.7233966558568836        1.2134364843368531E-002  0.41542211174964905     
   289.43159580230713        124.34458136558533        83.614625930786133     
   0.0000000000000000        0.0000000000000000        0.0000000000000000     
          33 m=   5.3218975155708462E-007 r=   1.0000000000000000      d=   3.0000000000000000     
   1.8036231393410014        9.4484770298004159E-003  0.25645494461059570     
   207.11206912994385        193.48799228668213        17.974273860454559     
   0.0000000000000000        0.0000000000000000        0.0000000000000000     
          34 m=   8.4799404318645425E-007 r=   1.0000000000000000      d=   3.0000000000000000     
   1.8970877557607015        1.1361510753631591E-002  0.11737990379333496     
   232.70959138870239        326.37780189514160        95.312458276748657     
   0.0000000000000000        0.0000000000000000        0.0000000000000000     
          35 m=   5.3377807735284795E-007 r=   1.0000000000000000      d=   3.0000000000000000     
   2.0465726020274775        1.4106128215789795E-002  0.17498460412025452     
   124.19250011444092        51.604076027870178        330.05281448364258     
   0.0000000000000000        0.0000000000000000        0.0000000000000000     
          36 m=   6.0659072397165136E-007 r=   1.0000000000000000      d=   3.0000000000000000     
   2.1412316033865779        1.7736295461654665E-002  0.46582075953483582     
   132.32929229736328        16.228842437267303        16.803234815597534     
   0.0000000000000000        0.0000000000000000        0.0000000000000000     
          37 m=   6.8549157624305894E-007 r=   1.0000000000000000      d=   3.0000000000000000     
   2.2492111116599087        2.0702883601188661E-003  0.13136549293994904     
   269.36457395553589        302.85652399063110        111.57434821128845     
   0.0000000000000000        0.0000000000000000        0.0000000000000000     
          38 m=   6.4270832938859314E-007 r=   1.0000000000000000      d=   3.0000000000000000     
   2.3717639852961487        1.8074923753738405E-003  0.18979884684085846     
   336.62890434265137        53.329213857650757        284.85441684722900     
   0.0000000000000000        0.0000000000000000        0.0000000000000000     
          39 m=   6.7791234861698442E-007 r=   1.0000000000000000      d=   3.0000000000000000     
   2.4872326827108830        1.6587862968444826E-002  0.21257567405700684     
   4.6571932733058929        170.12687444686890        165.80333590507507     
   0.0000000000000000        0.0000000000000000        0.0000000000000000     
          40 m=   1.1381909333102997E-006 r=   1.0000000000000000      d=   3.0000000000000000     
   2.6095899531049143        8.4260666370391847E-003   1.7066052183508873E-002
   170.30534863471985        76.083873510360718        208.03610086441040     
   0.0000000000000000        0.0000000000000000        0.0000000000000000     
          41 m=   2.1544234020880966E-006 r=   1.0000000000000000      d=   1.5000000000000000     
   2.7000000000000002        1.1181364059448242E-002  0.39328366518020630     
   103.68906140327454        319.54349040985107        281.11056804656982     
   0.0000000000000000        0.0000000000000000        0.0000000000000000     
          42 m=   2.1162901217911102E-006 r=   1.0000000000000000      d=   1.5000000000000000     
   2.8960890958908569        6.3719123601913450E-003  0.14160455763339996     
   320.82584381103516        152.91960239410400        18.435035794973373     
   0.0000000000000000        0.0000000000000000        0.0000000000000000     
          43 m=   3.2541633260964595E-006 r=   1.0000000000000000      d=   1.5000000000000000     
   3.0902241707465521        6.6846722364425661E-003   3.5959195345640182E-002
   35.814657211303711        66.093969941139221        354.52990293502808     
   0.0000000000000000        0.0000000000000000        0.0000000000000000     
          44 m=   2.6279739510065596E-006 r=   1.0000000000000000      d=   1.5000000000000000     
   3.3910676625309932        1.8179990053176880E-002  0.30952259898185730     
   17.421631515026093        88.225101828575134        243.53526592254639     
   0.0000000000000000        0.0000000000000000        0.0000000000000000     
          45 m=   4.3678538257313484E-006 r=   1.0000000000000000      d=   1.5000000000000000     
   3.6369619940240372        4.4255885481834416E-003  0.42992606759071350     
   108.08012723922729        2.5085651502013206        14.815683066844940     
   0.0000000000000000        0.0000000000000000        0.0000000000000000     
          46 m=   3.5154040997458515E-006 r=   1.0000000000000000      d=   1.5000000000000000     
   4.0496930789241414        1.2151504307985307E-003  0.14869067072868347     
   191.01003885269165        171.79951071739197        56.803876161575317     
   0.0000000000000000        0.0000000000000000        0.0000000000000000     
          47 m=   5.3729746142336876E-006 r=   1.0000000000000000      d=   1.5000000000000000     
   4.3874033048659351        3.2271076925098896E-005  0.24499873816967010     
   286.60765886306763        233.56811285018921        221.58398151397705     
   0.0000000000000000        0.0000000000000000        0.0000000000000000     
          48 m=   3.5075878447148552E-006 r=   1.0000000000000000      d=   1.5000000000000000     
   4.9105823882680255        1.9419393539428710E-002  0.48314070701599121     
   39.305691719055176        309.32260036468506        171.70372366905212     
   0.0000000000000000        0.0000000000000000        0.0000000000000000     
