)O+_06 Big-body initial data  (WARNING: Do not delete  this line!!)
) Lines beginning with `)` are ignored.
)--------------------------------------------------
style (Cartesian, Asteroidal, Cometary) = Asteroidal
epoch (in days) = 0.
)--------------------------------------------------
           1 m=   8.0979642068698488E-008 r=   1.0000000000000000      d=   3.0000000000000000     
  0.50000000000000000        1.4736607074737548E-002   9.1870084404945374E-002
   258.36333274841309        106.74172639846802        277.27189779281616     
   0.0000000000000000        0.0000000000000000        0.0000000000000000     
           2 m=   5.0114174560518478E-008 r=   1.0000000000000000      d=   3.0000000000000000     
  0.51349927113617211        1.6353036165237426E-002  0.25334110856056213     
   15.382425785064697        94.764086008071899        303.73135328292847     
   0.0000000000000000        0.0000000000000000        0.0000000000000000     
           3 m=   9.6753759781717012E-008 r=   1.0000000000000000      d=   3.0000000000000000     
  0.52185779439452729        2.6447856426239013E-003  0.29790535569190979     
   61.097905039787292        161.74704194068909        72.381336092948914     
   0.0000000000000000        0.0000000000000000        0.0000000000000000     
           4 m=   7.1869284194728075E-008 r=   1.0000000000000000      d=   3.0000000000000000     
  0.53800071187210841        2.1671521663665771E-003  0.17126062512397766     
   291.03068590164185        55.108060240745544        261.63897514343262     
   0.0000000000000000        0.0000000000000000        0.0000000000000000     
           5 m=   1.4575503674365440E-007 r=   1.0000000000000000      d=   3.0000000000000000     
  0.54999951497825039        1.1520781517028809E-002  0.31071639060974121     
   325.52897930145264        277.37238407135010        221.52668952941895     
   0.0000000000000000        0.0000000000000000        0.0000000000000000     
           6 m=   8.3547855405526505E-008 r=   1.0000000000000000      d=   3.0000000000000000     
  0.57434545901024159        1.2988042831420899E-002   1.2732731178402901E-002
   338.61266613006592        158.80796313285828        104.92920756340027     
   0.0000000000000000        0.0000000000000000        0.0000000000000000     
           7 m=   1.1145905152053031E-007 r=   1.0000000000000000      d=   3.0000000000000000     
  0.58831432937023775        1.8546358346939087E-002  0.44339978694915771     
   296.69291496276855        166.44605755805969        236.85197353363037     
   0.0000000000000000        0.0000000000000000        0.0000000000000000     
           8 m=   1.2458647418118450E-007 r=   1.0000000000000000      d=   3.0000000000000000     
  0.60696025671225307        1.0389641523361207E-002  0.27176561951637268     
   155.14147996902466        130.93281626701355        31.273401081562042     
   0.0000000000000000        0.0000000000000000        0.0000000000000000     
           9 m=   1.5819873716142989E-007 r=   1.0000000000000000      d=   3.0000000000000000     
  0.62781781437264195        1.4806859493255616E-002  0.43452262878417969     
   272.08590030670166        202.17867136001587        281.67569875717163     
   0.0000000000000000        0.0000000000000000        0.0000000000000000     
          10 m=   1.1735311726303391E-007 r=   1.0000000000000000      d=   3.0000000000000000     
  0.65432465108349935        1.6998311281204225E-002  0.36856091022491455     
   326.68458223342896        264.44909334182739        190.08969783782959     
   0.0000000000000000        0.0000000000000000        0.0000000000000000     
          11 m=   1.6745684437670576E-007 r=   1.0000000000000000      d=   3.0000000000000000     
  0.67400849857775313        1.9592121243476868E-003  0.45333731174468994     
   268.17332983016968        268.82006406784058        176.45219922065735     
   0.0000000000000000        0.0000000000000000        0.0000000000000000     
          12 m=   1.2058783523948923E-007 r=   1.0000000000000000      d=   3.0000000000000000     
  0.70211845728579703        1.2424823045730591E-002   7.4059762060642242E-002
   280.54028749465942        340.79845190048218        25.900641381740570     
   0.0000000000000000        0.0000000000000000        0.0000000000000000     
          13 m=   1.1342087520655343E-007 r=   1.0000000000000000      d=   3.0000000000000000     
  0.72238357466570779        1.7700327932834625E-003  0.13825938105583191     
   270.63843011856079        280.98531961441040        86.346176862716675     
   0.0000000000000000        0.0000000000000000        0.0000000000000000     
          14 m=   2.1905376653116991E-007 r=   1.0000000000000000      d=   3.0000000000000000     
  0.74145972164861729        1.0316061973571778E-002  0.29519367218017578     
   187.02320337295532        350.06572008132935        129.52283263206482     
   0.0000000000000000        0.0000000000000000        0.0000000000000000     
          15 m=   1.3995175176336860E-007 r=   1.0000000000000000      d=   3.0000000000000000     
  0.77833028536036364        2.3540300130844116E-003  0.28359994292259216     
   42.619383931159973        214.48722124099731        237.10238456726074     
   0.0000000000000000        0.0000000000000000        0.0000000000000000     
          16 m=   2.3283258955095295E-007 r=   1.0000000000000000      d=   3.0000000000000000     
  0.80192136945003101        8.3130508661270145E-003  0.31725162267684937     
   115.88734030723572        278.31965446472168        41.473667621612549     
   0.0000000000000000        0.0000000000000000        0.0000000000000000     
          17 m=   1.3425115064338549E-007 r=   1.0000000000000000      d=   3.0000000000000000     
  0.84120604288169254        1.3849802017211914E-002  0.49527311325073242     
   76.491354703903198        192.59237051010132        149.21787500381470     
   0.0000000000000000        0.0000000000000000        0.0000000000000000     
          18 m=   1.9139916167841519E-007 r=   1.0000000000000000      d=   3.0000000000000000     
  0.86389318753966116        1.3591413497924806E-002  0.16558247804641724     
   162.66734004020691        130.90575814247131        138.52598905563354     
   0.0000000000000000        0.0000000000000000        0.0000000000000000     
          19 m=   2.3160392951781265E-007 r=   1.0000000000000000      d=   3.0000000000000000     
  0.89626715835546056        2.0732644200325014E-003  0.49126672744750977     
   354.26659584045410        313.05284500122070        56.886434555053711     
   0.0000000000000000        0.0000000000000000        0.0000000000000000     
          20 m=   2.2640625918146131E-007 r=   1.0000000000000000      d=   3.0000000000000000     
  0.93549227617089536        1.6256161928176881E-002  0.37497085332870483     
   236.08597755432129        219.94757652282715        254.10769701004028     
   0.0000000000000000        0.0000000000000000        0.0000000000000000     
          21 m=   2.6348287264362261E-007 r=   1.0000000000000000      d=   3.0000000000000000     
  0.97389731179462369        1.2903922796249389E-002  0.18127286434173584     
   164.34361338615417        219.14520978927612        345.69000720977783     
   0.0000000000000000        0.0000000000000000        0.0000000000000000     
          22 m=   1.6812421235472912E-007 r=   1.0000000000000000      d=   3.0000000000000000     
   1.0186603233002862        1.3568044900894166E-002  0.18029831349849701     
   253.47212076187134        87.458719611167908        142.28749752044678     
   0.0000000000000000        0.0000000000000000        0.0000000000000000     
          23 m=   2.0837981188926979E-007 r=   1.0000000000000000      d=   3.0000000000000000     
   1.0472740735964354        1.3293372392654419E-002   8.5937842726707458E-002
   30.220384597778320        257.95226812362671        181.50120019912720     
   0.0000000000000000        0.0000000000000000        0.0000000000000000     
          24 m=   3.0692946424924593E-007 r=   1.0000000000000000      d=   3.0000000000000000     
   1.0827797044562968        1.4418100118637086E-002  0.28707113862037659     
   26.677390336990356        179.27704811096191        117.75637865066528     
   0.0000000000000000        0.0000000000000000        0.0000000000000000     
          25 m=   4.1698444594883016E-007 r=   1.0000000000000000      d=   3.0000000000000000     
   1.1351514403623271        2.0196259021759033E-004  0.27380284667015076     
   104.94058012962341        324.07670259475708        257.30235815048218     
   0.0000000000000000        0.0000000000000000        0.0000000000000000     
          26 m=   3.7117956333386240E-007 r=   1.0000000000000000      d=   3.0000000000000000     
   1.2064511947264251        6.0222071409225461E-003  0.49730634689331055     
   236.39024734497070        157.65445232391357        87.878415584564209     
   0.0000000000000000        0.0000000000000000        0.0000000000000000     
          27 m=   4.7087928643318863E-007 r=   1.0000000000000000      d=   3.0000000000000000     
   1.2701000853155735        1.0228129625320435E-002  0.43661397695541382     
   4.5638088136911392        242.06700325012207        237.94476985931396     
   0.0000000000000000        0.0000000000000000        0.0000000000000000     
          28 m=   2.9422293380539069E-007 r=   1.0000000000000000      d=   3.0000000000000000     
   1.3510510563861700        5.1465338468551633E-003  0.19316767156124115     
   86.780549883842468        337.13440418243408        359.53739404678345     
   0.0000000000000000        0.0000000000000000        0.0000000000000000     
          29 m=   4.9249976676373006E-007 r=   1.0000000000000000      d=   3.0000000000000000     
   1.4017962904769998        6.0048460960388187E-003  0.42451903223991394     
   338.78593683242798        73.389530181884766        153.48104238510132     
   0.0000000000000000        0.0000000000000000        0.0000000000000000     
          30 m=   2.5306189879814561E-007 r=   1.0000000000000000      d=   3.0000000000000000     
   1.4869113295332319        8.8956958055496221E-003   1.5892243012785912E-002
   98.806872367858887        357.28993892669678        181.51128530502319     
   0.0000000000000000        0.0000000000000000        0.0000000000000000     
          31 m=   3.3267793379831485E-007 r=   1.0000000000000000      d=   3.0000000000000000     
   1.5307952718603193        1.8726595640182496E-002   8.4099665284156799E-002
   250.22016763687134        98.217022418975830        121.23673796653748     
   0.0000000000000000        0.0000000000000000        0.0000000000000000     
          32 m=   4.4497714778851767E-007 r=   1.0000000000000000      d=   3.0000000000000000     
   1.5885869374050365        5.8092355728149416E-003  0.26402339339256287     
   232.13358163833618        80.072667002677917        21.363360285758972     
   0.0000000000000000        0.0000000000000000        0.0000000000000000     
          33 m=   3.1799948431362374E-007 r=   1.0000000000000000      d=   3.0000000000000000     
   1.6660657341497132        1.0645992755889892E-002  0.33291381597518921     
   21.211441308259964        247.11721658706665        30.255854129791260     
   0.0000000000000000        0.0000000000000000        0.0000000000000000     
          34 m=   3.1846025726667645E-007 r=   1.0000000000000000      d=   3.0000000000000000     
   1.7216072233129718        1.2479252815246582E-002  0.18420594930648804     
   8.0445892363786697        141.68394684791565        47.002424597740173     
   0.0000000000000000        0.0000000000000000        0.0000000000000000     
          35 m=   7.5371740938460889E-007 r=   1.0000000000000000      d=   3.0000000000000000     
   1.7773529010906024        9.5437121391296394E-003  0.34286570549011230     
   151.87749981880188        1.9283133186399937        160.12126922607422     
   0.0000000000000000        0.0000000000000000        0.0000000000000000     
          36 m=   3.3948353364836949E-007 r=   1.0000000000000000      d=   3.0000000000000000     
   1.9095837867824366        1.0215257406234742E-002  0.19115740060806274     
   259.06877517700195        198.08482646942139        123.88842344284058     
   0.0000000000000000        0.0000000000000000        0.0000000000000000     
          37 m=   8.7424497847633398E-007 r=   1.0000000000000000      d=   3.0000000000000000     
   1.9694580469275820        1.7549304962158202E-002  0.46112889051437378     
   309.83490228652954        21.962378025054932        290.98461627960205     
   0.0000000000000000        0.0000000000000000        0.0000000000000000     
          38 m=   6.0396061206436668E-007 r=   1.0000000000000000      d=   3.0000000000000000     
   2.1240171948419175        1.1475608348846436E-002  0.30075278878211975     
   282.31687545776367        218.51553440093994        168.11925172805786     
   0.0000000000000000        0.0000000000000000        0.0000000000000000     
          39 m=   1.1297041142940903E-006 r=   1.0000000000000000      d=   3.0000000000000000     
   2.2314545113518074        1.1257512569427490E-002  0.46189653873443604     
   350.58048963546753        57.106788754463196        288.01045417785645     
   0.0000000000000000        0.0000000000000000        0.0000000000000000     
          40 m=   7.2689566798411012E-007 r=   1.0000000000000000      d=   3.0000000000000000     
   2.4332807486054389        4.0138998627662660E-003  0.18863791227340698     
   78.752408623695374        148.51409554481506        278.22521924972534     
   0.0000000000000000        0.0000000000000000        0.0000000000000000     
          41 m=   1.0432818850332429E-006 r=   1.0000000000000000      d=   3.0000000000000000     
   2.5641962503610278        1.7453278303146361E-002  0.43272611498832703     
   128.29246044158936        152.40828752517700        252.00012445449829     
   0.0000000000000000        0.0000000000000000        0.0000000000000000     
          42 m=   4.1036417950340483E-006 r=   1.0000000000000000      d=   1.5000000000000000     
   2.7000000000000002        1.8790909051895142E-002  0.40442222356796265     
   72.158203125000000        211.81492567062378        53.169488310813904     
   0.0000000000000000        0.0000000000000000        0.0000000000000000     
          43 m=   3.2000490524006025E-006 r=   1.0000000000000000      d=   1.5000000000000000     
   3.0735010530744575        1.7281851768493652E-002  0.44417765736579895     
   325.00358819961548        65.312406420707703        101.84121251106262     
   0.0000000000000000        0.0000000000000000        0.0000000000000000     
          44 m=   2.5994840439292410E-006 r=   1.0000000000000000      d=   1.5000000000000000     
   3.3691439162634609        1.9082769155502319E-002  0.47417274117469788     
   278.44299316406250        266.92786216735840        265.67492723464966     
   0.0000000000000000        0.0000000000000000        0.0000000000000000     
          45 m=   3.0989219740320233E-006 r=   1.0000000000000000      d=   1.5000000000000000     
   3.6121592976539549        4.2078086733818056E-003  0.41363888978958130     
   84.615443944931030        316.60012006759644        339.92799997329712     
   0.0000000000000000        0.0000000000000000        0.0000000000000000     
          46 m=   3.9611006281115867E-006 r=   1.0000000000000000      d=   1.5000000000000000     
   3.9046949871219367        1.5329579114913941E-002   6.6842965781688690E-002
   197.88091421127319        287.38024234771729        356.25497102737427     
   0.0000000000000000        0.0000000000000000        0.0000000000000000     
          47 m=   6.5051078154071711E-006 r=   1.0000000000000000      d=   1.5000000000000000     
   4.2830207853320772        1.9263091087341307E-002  0.24018998444080353     
   138.37059259414673        136.51093125343323        60.122187137603760     
   0.0000000000000000        0.0000000000000000        0.0000000000000000     
          48 m=   4.5597398829982760E-006 r=   1.0000000000000000      d=   1.5000000000000000     
   4.9137991267353813        1.3335711956024170E-002  0.46774664521217346     
   339.82905864715576        159.50096011161804        296.32483005523682     
   0.0000000000000000        0.0000000000000000        0.0000000000000000     
