)O+_06 Big-body initial data  (WARNING: Do not delete  this line!!)
) Lines beginning with `)` are ignored.
)--------------------------------------------------
style (Cartesian, Asteroidal, Cometary) = Asteroidal
epoch (in days) = 0.
)--------------------------------------------------
           1 m=   1.2345842004104955E-007 r=   1.0000000000000000      d=   3.0000000000000000     
  0.50000000000000000        2.7556347846984862E-003   5.8726135641336441E-002
   238.77689838409424        301.15658283233643        194.07415151596069     
   0.0000000000000000        0.0000000000000000        0.0000000000000000     
           2 m=   6.2218322455314261E-008 r=   1.0000000000000000      d=   3.0000000000000000     
  0.52058046496135046        1.7225829362869264E-002  0.28635847568511963     
   358.78034591674805        303.55591535568237        57.737998366355896     
   0.0000000000000000        0.0000000000000000        0.0000000000000000     
           3 m=   1.2525263196691993E-007 r=   1.0000000000000000      d=   3.0000000000000000     
  0.53096077401944852        8.0596464872360225E-003  0.38756546378135681     
   200.19879341125488        31.221800744533539        237.71547317504883     
   0.0000000000000000        0.0000000000000000        0.0000000000000000     
           4 m=   8.1872310054870311E-008 r=   1.0000000000000000      d=   3.0000000000000000     
  0.55186620723992785        1.7582676410675048E-002  0.40543022751808167     
   14.413257837295532        37.861298024654388        77.455431818962097     
   0.0000000000000000        0.0000000000000000        0.0000000000000000     
           5 m=   1.2788922730308725E-007 r=   1.0000000000000000      d=   3.0000000000000000     
  0.56554263009624550        8.0195617675781258E-003  0.37856224179267883     
   291.98087453842163        122.88108229637146        230.83316087722778     
   0.0000000000000000        0.0000000000000000        0.0000000000000000     
           6 m=   1.4494092193218372E-007 r=   1.0000000000000000      d=   3.0000000000000000     
  0.58691767437239994        1.5798776149749755E-002   7.8546471893787384E-002
   47.762374877929688        101.76158308982849        62.878457307815552     
   0.0000000000000000        0.0000000000000000        0.0000000000000000     
           7 m=   1.3583216250353086E-007 r=   1.0000000000000000      d=   3.0000000000000000     
  0.61116341202172730        1.9064749479293822E-002  0.33706995844841003     
   341.81161880493164        97.884063720703125        352.92390346527100     
   0.0000000000000000        0.0000000000000000        0.0000000000000000     
           8 m=   1.8116777496469988E-007 r=   1.0000000000000000      d=   3.0000000000000000     
  0.63390748230028837        3.5288828611373902E-003  0.33086293935775757     
   35.620859563350677        338.02963972091675        1.7752943001687527     
   0.0000000000000000        0.0000000000000000        0.0000000000000000     
           9 m=   8.9274955319280406E-008 r=   1.0000000000000000      d=   3.0000000000000000     
  0.66427026904127784        5.5264729261398316E-003  0.20595870912075043     
   335.43180227279663        17.720874845981598        152.53309607505798     
   0.0000000000000000        0.0000000000000000        0.0000000000000000     
          10 m=   1.3695263394405699E-007 r=   1.0000000000000000      d=   3.0000000000000000     
  0.67925047470527589        4.6570816636085513E-003  0.30831581354141235     
   69.989036321640015        170.15451192855835        287.19525575637817     
   0.0000000000000000        0.0000000000000000        0.0000000000000000     
          11 m=   1.1132202952874128E-007 r=   1.0000000000000000      d=   3.0000000000000000     
  0.70224469863446759        2.7963459491729737E-003  0.21573768556118011     
   19.649761319160461        293.89985561370850        40.865897834300995     
   0.0000000000000000        0.0000000000000000        0.0000000000000000     
          12 m=   2.1853022083357324E-007 r=   1.0000000000000000      d=   3.0000000000000000     
  0.72095276634880390        8.7156575918197633E-003  0.44084402918815613     
   272.17947721481323        359.51123714447021        231.13541364669800     
   0.0000000000000000        0.0000000000000000        0.0000000000000000     
          13 m=   9.9072637369517418E-008 r=   1.0000000000000000      d=   3.0000000000000000     
  0.75770504873776723        6.7783445119857788E-003   8.8453516364097595E-002
   338.55086803436279        325.60996055603027        170.47616243362427     
   0.0000000000000000        0.0000000000000000        0.0000000000000000     
          14 m=   1.8101041062949496E-007 r=   1.0000000000000000      d=   3.0000000000000000     
  0.77439153852659404        1.9656691551208496E-002  0.43349078297615051     
   295.86364030838013        210.94400167465210        69.438856244087219     
   0.0000000000000000        0.0000000000000000        0.0000000000000000     
          15 m=   1.2682472749321253E-007 r=   1.0000000000000000      d=   3.0000000000000000     
  0.80489890297886235        8.3052378892898553E-003  0.14788503944873810     
   47.643810510635376        349.74932670593262        150.73257207870483     
   0.0000000000000000        0.0000000000000000        0.0000000000000000     
          16 m=   1.4637054120624907E-007 r=   1.0000000000000000      d=   3.0000000000000000     
  0.82629995101247289        1.2981934547424316E-002  0.22673577070236206     
   130.46919107437134        197.19036340713501        268.22487115859985     
   0.0000000000000000        0.0000000000000000        0.0000000000000000     
          17 m=   1.7270372962906483E-007 r=   1.0000000000000000      d=   3.0000000000000000     
  0.85102041152409680        5.3561937808990481E-003  0.21430724859237671     
   233.00319671630859        212.09035634994507        210.00261068344116     
   0.0000000000000000        0.0000000000000000        0.0000000000000000     
          18 m=   2.8884171373530348E-007 r=   1.0000000000000000      d=   3.0000000000000000     
  0.88021712938274010        1.8652839660644533E-002  0.24352921545505524     
   55.756419897079468        84.757686853408813        301.89577817916870     
   0.0000000000000000        0.0000000000000000        0.0000000000000000     
          19 m=   3.2254125084318716E-007 r=   1.0000000000000000      d=   3.0000000000000000     
  0.92910480945037910        1.0785219669342041E-002  0.40906727313995361     
   107.21675634384155        323.88530015945435        333.99325847625732     
   0.0000000000000000        0.0000000000000000        0.0000000000000000     
          20 m=   1.6769206646504067E-007 r=   1.0000000000000000      d=   3.0000000000000000     
  0.98380313697275290        1.6810231208801270E-002  0.21319119632244110     
   118.20938229560852        126.42940878868103        339.05046701431274     
   0.0000000000000000        0.0000000000000000        0.0000000000000000     
          21 m=   1.9332764745814867E-007 r=   1.0000000000000000      d=   3.0000000000000000     
   1.0123035730685375        1.4934217929840088E-002  0.21494673192501068     
   212.66207456588745        287.60807991027832        74.357678890228271     
   0.0000000000000000        0.0000000000000000        0.0000000000000000     
          22 m=   2.4449728340296771E-007 r=   1.0000000000000000      d=   3.0000000000000000     
   1.0451984342717067        6.2818807363510133E-003   2.5459459051489830E-002
   35.941233336925507        264.18430566787720        242.92153358459473     
   0.0000000000000000        0.0000000000000000        0.0000000000000000     
          23 m=   1.6833761322686172E-007 r=   1.0000000000000000      d=   3.0000000000000000     
   1.0868546268483783        1.2516812086105347E-002  0.34104350209236145     
   83.958431482315063        237.43615865707397       0.74981614015996456     
   0.0000000000000000        0.0000000000000000        0.0000000000000000     
          24 m=   4.2183040505546430E-007 r=   1.0000000000000000      d=   3.0000000000000000     
   1.1155829542638354        1.4914181232452393E-002  0.12733802199363708     
   284.63541984558105        87.190069556236267        196.34347200393677     
   0.0000000000000000        0.0000000000000000        0.0000000000000000     
          25 m=   3.3508773380141954E-007 r=   1.0000000000000000      d=   3.0000000000000000     
   1.1876548787181089        5.9115934371948243E-003   5.7812947779893875E-002
   235.85095167160034        339.49524164199829        209.25586223602295     
   0.0000000000000000        0.0000000000000000        0.0000000000000000     
          26 m=   3.9136842865654271E-007 r=   1.0000000000000000      d=   3.0000000000000000     
   1.2450716525749439        9.0034848451614382E-003  0.33732628822326660     
   133.06697487831116        163.34413647651672        204.79991912841797     
   0.0000000000000000        0.0000000000000000        0.0000000000000000     
          27 m=   3.5320318018753443E-007 r=   1.0000000000000000      d=   3.0000000000000000     
   1.3122862305854746        3.0187803506851198E-003  0.45672833919525146     
   165.30046463012695        63.524735569953918        279.41202163696289     
   0.0000000000000000        0.0000000000000000        0.0000000000000000     
          28 m=   3.6316700540991501E-007 r=   1.0000000000000000      d=   3.0000000000000000     
   1.3731095236559998        9.4970035552978515E-003  0.26301261782646179     
   236.19133472442627        217.89815425872803        163.05341720581055     
   0.0000000000000000        0.0000000000000000        0.0000000000000000     
          29 m=   3.6875181104380015E-007 r=   1.0000000000000000      d=   3.0000000000000000     
   1.4358009741689866        2.0310917496681215E-003  0.11043807119131088     
   174.01041269302368        130.01423478126526        340.75905561447144     
   0.0000000000000000        0.0000000000000000        0.0000000000000000     
          30 m=   6.5540510887512819E-007 r=   1.0000000000000000      d=   3.0000000000000000     
   1.4996163244476151        1.9281500577926637E-002   8.6860306560993195E-002
   210.86241960525513        67.350316643714905        191.96054935455322     
   0.0000000000000000        0.0000000000000000        0.0000000000000000     
          31 m=   2.6519425167215047E-007 r=   1.0000000000000000      d=   3.0000000000000000     
   1.6133291376792303        8.8073658943176279E-003  0.30656009912490845     
   129.81549382209778        332.08708763122559        134.44807648658752     
   0.0000000000000000        0.0000000000000000        0.0000000000000000     
          32 m=   4.8059052176458946E-007 r=   1.0000000000000000      d=   3.0000000000000000     
   1.6595501104711357        4.4735717773437501E-003  0.32323908805847168     
   120.78642725944519        193.90146017074585        265.61141252517700     
   0.0000000000000000        0.0000000000000000        0.0000000000000000     
          33 m=   5.6159598964264168E-007 r=   1.0000000000000000      d=   3.0000000000000000     
   1.7434677225818833        1.9313188791275023E-002   8.0378666520118713E-002
   87.744616270065308        113.67073059082031        84.623941183090210     
   0.0000000000000000        0.0000000000000000        0.0000000000000000     
          34 m=   5.2017988813626781E-007 r=   1.0000000000000000      d=   3.0000000000000000     
   1.8418597052821433        3.7773990631103514E-003   1.5100104734301567E-002
   288.60090494155884        354.08465623855591        187.09585905075073     
   0.0000000000000000        0.0000000000000000        0.0000000000000000     
          35 m=   4.5868671136235812E-007 r=   1.0000000000000000      d=   3.0000000000000000     
   1.9333549483099719        7.2126924991607671E-003   5.7798936963081360E-002
   154.92536902427673        257.12198495864868        205.88419675827026     
   0.0000000000000000        0.0000000000000000        0.0000000000000000     
          36 m=   4.8134432538794809E-007 r=   1.0000000000000000      d=   3.0000000000000000     
   2.0143298727861798        4.8874166607856748E-003   9.6581295132637024E-002
   294.86439943313599        265.50054073333740        259.44312572479248     
   0.0000000000000000        0.0000000000000000        0.0000000000000000     
          37 m=   6.9549596820115205E-007 r=   1.0000000000000000      d=   3.0000000000000000     
   2.0995803714512098        1.9122783839702606E-003  0.28869849443435669     
   32.019114196300507        359.46390151977539        27.086290419101715     
   0.0000000000000000        0.0000000000000000        0.0000000000000000     
          38 m=   4.7172566899545367E-007 r=   1.0000000000000000      d=   3.0000000000000000     
   2.2231798508093052        5.6786757707595822E-003   8.6770176887512207E-002
   24.266991019248962        286.93121910095215        240.01614332199097     
   0.0000000000000000        0.0000000000000000        0.0000000000000000     
          39 m=   8.2444336037267041E-007 r=   1.0000000000000000      d=   3.0000000000000000     
   2.3074276717228597        1.2336202859878541E-002  0.46277397871017456     
   34.931032955646515        230.56736469268799        114.02269005775452     
   0.0000000000000000        0.0000000000000000        0.0000000000000000     
          40 m=   6.5425525687833222E-007 r=   1.0000000000000000      d=   3.0000000000000000     
   2.4551661178248438        1.5660315752029419E-002  0.39836546778678894     
   229.67579841613770        160.43226599693298        4.1445550695061684     
   0.0000000000000000        0.0000000000000000        0.0000000000000000     
          41 m=   7.7043641150081237E-007 r=   1.0000000000000000      d=   3.0000000000000000     
   2.5731021201940121        9.3010956048965449E-003  0.17221024632453918     
   162.75995135307312        57.528040409088135        294.17588710784912     
   0.0000000000000000        0.0000000000000000        0.0000000000000000     
          42 m=   2.0850382036759329E-006 r=   1.0000000000000000      d=   1.5000000000000000     
   2.7000000000000002        1.3921980857849122E-002  0.35749650001525879     
   98.512247800827026        185.99093914031982        97.546598911285400     
   0.0000000000000000        0.0000000000000000        0.0000000000000000     
          43 m=   2.9975386664954147E-006 r=   1.0000000000000000      d=   1.5000000000000000     
   2.8897738651838094        2.5118204951286318E-003  0.48859420418739319     
   328.75490427017212        91.517604589462280        345.22830247879028     
   0.0000000000000000        0.0000000000000000        0.0000000000000000     
          44 m=   3.5817039364768904E-006 r=   1.0000000000000000      d=   1.5000000000000000     
   3.1646796570447200        1.7681425809860232E-002  0.21434220671653748     
   247.91649341583252        270.18567323684692        29.699944853782654     
   0.0000000000000000        0.0000000000000000        0.0000000000000000     
          45 m=   4.3787287538345152E-006 r=   1.0000000000000000      d=   1.5000000000000000     
   3.4967915155134102        6.4956896007061003E-004  0.19453604519367218     
   274.97609853744507        94.942806959152222        249.07771825790405     
   0.0000000000000000        0.0000000000000000        0.0000000000000000     
          46 m=   4.7120997797413075E-006 r=   1.0000000000000000      d=   1.5000000000000000     
   3.9082368249595847        1.3421009778976440E-002   6.8485205993056297E-003
   8.5144954919815063        353.04329395294189        273.00179958343506     
   0.0000000000000000        0.0000000000000000        0.0000000000000000     
          47 m=   4.9273043384874392E-006 r=   1.0000000000000000      d=   1.5000000000000000     
   4.3583545216142454        8.3953607082366943E-003   7.7722370624542236E-002
   342.01366424560547        29.402849972248077        126.24117136001587     
   0.0000000000000000        0.0000000000000000        0.0000000000000000     
          48 m=   3.9101319654877426E-006 r=   1.0000000000000000      d=   1.5000000000000000     
   4.8375804887991620        1.1888314485549927E-002   5.8203477412462234E-002
   76.565871834754944        230.19494533538818        63.101048469543457     
   0.0000000000000000        0.0000000000000000        0.0000000000000000     
