)O+_06 Big-body initial data  (WARNING: Do not delete  this line!!)
) Lines beginning with `)` are ignored.
)--------------------------------------------------
style (Cartesian, Asteroidal, Cometary) = Asteroidal
epoch (in days) = 0.
)--------------------------------------------------
           1 m=   1.1921666270050429E-007 r=   1.0000000000000000      d=   3.0000000000000000     
  0.50000000000000000        5.9176331758499148E-003   8.9882902801036835E-002
   323.06911468505859        318.02621841430664        357.55092859268188     
   0.0000000000000000        0.0000000000000000        0.0000000000000000     
           2 m=   8.9424025777748609E-008 r=   1.0000000000000000      d=   3.0000000000000000     
  0.51987336585630262        1.1981642246246338E-002   9.0002141892910004E-002
   316.72727823257446        202.59486436843872        5.7257900387048721     
   0.0000000000000000        0.0000000000000000        0.0000000000000000     
           3 m=   9.2756916834643808E-008 r=   1.0000000000000000      d=   3.0000000000000000     
  0.53479216684564335        1.9426585435867311E-002  0.35649335384368896     
   310.90207815170288        155.63096165657043        37.602875232696533     
   0.0000000000000000        0.0000000000000000        0.0000000000000000     
           4 m=   1.0105517463672917E-007 r=   1.0000000000000000      d=   3.0000000000000000     
  0.55027623855496555        1.0568759441375733E-002  0.20925056934356689     
   320.75217962265015        159.25940036773682        95.780525207519531     
   0.0000000000000000        0.0000000000000000        0.0000000000000000     
           5 m=   9.5672646159362445E-008 r=   1.0000000000000000      d=   3.0000000000000000     
  0.56715600417888745        7.1216470003128054E-003  0.31913372874259949     
   49.594511389732361        243.09667110443115        10.335095822811127     
   0.0000000000000000        0.0000000000000000        0.0000000000000000     
           6 m=   1.0562051889170076E-007 r=   1.0000000000000000      d=   3.0000000000000000     
  0.58314749204314487        6.1436086893081670E-003  0.33133429288864136     
   182.86805391311646        189.28432703018188        259.64102983474731     
   0.0000000000000000        0.0000000000000000        0.0000000000000000     
           7 m=   1.3546236101440349E-007 r=   1.0000000000000000      d=   3.0000000000000000     
  0.60081304288935578        5.6163221597671509E-003  0.36763361096382141     
   117.59440541267395        222.75621414184570        329.72734451293945     
   0.0000000000000000        0.0000000000000000        0.0000000000000000     
           8 m=   1.2235445241009530E-007 r=   1.0000000000000000      d=   3.0000000000000000     
  0.62348580389877384        1.4551926851272583E-002  0.11853189766407013     
   22.623400390148163        152.80951380729675        302.25457191467285     
   0.0000000000000000        0.0000000000000000        0.0000000000000000     
           9 m=   1.8172554423414869E-007 r=   1.0000000000000000      d=   3.0000000000000000     
  0.64398323396419144        1.6414592266082766E-002  0.42666146159172058     
   146.46921157836914        330.70830345153809        90.628677606582642     
   0.0000000000000000        0.0000000000000000        0.0000000000000000     
          10 m=   8.7908317880154179E-008 r=   1.0000000000000000      d=   3.0000000000000000     
  0.67445177722909477        1.9799935817718505E-002  0.18056087195873260     
   274.84179496765137        28.942885994911194        235.69482564926147     
   0.0000000000000000        0.0000000000000000        0.0000000000000000     
          11 m=   7.9263628317657540E-008 r=   1.0000000000000000      d=   3.0000000000000000     
  0.68920867182311174        4.7742345929145816E-003  0.31828391551971436     
   165.31439065933228        300.07633924484253        46.811209917068481     
   0.0000000000000000        0.0000000000000000        0.0000000000000000     
          12 m=   1.3413552901365263E-007 r=   1.0000000000000000      d=   3.0000000000000000     
  0.70252226576956533        1.3441151380538941E-002  0.40665310621261597     
   350.14122962951660        87.215394973754883        147.66550898551941     
   0.0000000000000000        0.0000000000000000        0.0000000000000000     
          13 m=   1.3798488627481125E-007 r=   1.0000000000000000      d=   3.0000000000000000     
  0.72506447445661693        1.9571950435638429E-002  0.42428964376449585     
   201.21361255645752        24.824466705322266        23.703150451183319     
   0.0000000000000000        0.0000000000000000        0.0000000000000000     
          14 m=   1.0521972643150209E-007 r=   1.0000000000000000      d=   3.0000000000000000     
  0.74827450745149870        1.3245525360107422E-002  0.25767043232917786     
   43.761870861053467        342.50163316726685        216.39611721038818     
   0.0000000000000000        0.0000000000000000        0.0000000000000000     
          15 m=   1.9979209312017279E-007 r=   1.0000000000000000      d=   3.0000000000000000     
  0.76598964814084869        1.1769727468490601E-002   4.4254869222640991E-002
   124.68877315521240        338.87511491775513        11.470818221569061     
   0.0000000000000000        0.0000000000000000        0.0000000000000000     
          16 m=   1.8568716911932345E-007 r=   1.0000000000000000      d=   3.0000000000000000     
  0.79965114914430035        1.0781465768814088E-002   2.3433940485119820E-002
   80.598294138908386        253.11092376708984        180.07302045822144     
   0.0000000000000000        0.0000000000000000        0.0000000000000000     
          17 m=   1.4818701180392280E-007 r=   1.0000000000000000      d=   3.0000000000000000     
  0.83097836765805555        4.6325063705444335E-003   5.5812705308198929E-002
   259.44063663482666        120.64607262611389        58.737931251525879     
   0.0000000000000000        0.0000000000000000        0.0000000000000000     
          18 m=   2.4745250102022326E-007 r=   1.0000000000000000      d=   3.0000000000000000     
  0.85601029509508053        3.2072776556015016E-003  0.43297773599624634     
   207.73271083831787        306.82842493057251        85.064724683761597     
   0.0000000000000000        0.0000000000000000        0.0000000000000000     
          19 m=   2.4464972771769252E-007 r=   1.0000000000000000      d=   3.0000000000000000     
  0.89785214212263997        1.4250633716583251E-002   8.4766566753387451E-002
   123.33204746246338        63.418090939521790        103.36654186248779     
   0.0000000000000000        0.0000000000000000        0.0000000000000000     
          20 m=   1.6438970890169715E-007 r=   1.0000000000000000      d=   3.0000000000000000     
  0.93928936142608266        1.9685624837875365E-002  0.45911845564842224     
   56.380489468574524        171.13603949546814        140.01158952713013     
   0.0000000000000000        0.0000000000000000        0.0000000000000000     
          21 m=   2.1714146451451858E-007 r=   1.0000000000000000      d=   3.0000000000000000     
  0.96717883595650811        1.4471516609191895E-002   3.9540790021419525E-002
   308.46618175506592        46.886563897132874        10.582571178674698     
   0.0000000000000000        0.0000000000000000        0.0000000000000000     
          22 m=   2.4477855311734592E-007 r=   1.0000000000000000      d=   3.0000000000000000     
   1.0040590096458621        1.6581180095672606E-002   5.3756464272737503E-002
   85.045595169067383        52.496575713157654        168.33492279052734     
   0.0000000000000000        0.0000000000000000        0.0000000000000000     
          23 m=   1.8066860787673365E-007 r=   1.0000000000000000      d=   3.0000000000000000     
   1.0456945526180685        1.2628254890441894E-002   4.6124178916215897E-002
   203.52524757385254        358.62690210342407        7.4690958112478256     
   0.0000000000000000        0.0000000000000000        0.0000000000000000     
          24 m=   3.7234272510099655E-007 r=   1.0000000000000000      d=   3.0000000000000000     
   1.0764765538321632        4.2752793431282046E-003   1.0069648735225201E-002
   62.871317267417908        332.65970706939697        195.89386940002441     
   0.0000000000000000        0.0000000000000000        0.0000000000000000     
          25 m=   1.9166737128729646E-007 r=   1.0000000000000000      d=   3.0000000000000000     
   1.1399938150903586        1.7497620582580566E-002  0.23348802328109741     
   38.923852443695068        150.46051025390625        313.72923374176025     
   0.0000000000000000        0.0000000000000000        0.0000000000000000     
          26 m=   2.2209526643391321E-007 r=   1.0000000000000000      d=   3.0000000000000000     
   1.1727731762526619        1.7920901775360109E-002  0.19173817336559296     
   302.78938293457031        192.66474723815918        297.40239143371582     
   0.0000000000000000        0.0000000000000000        0.0000000000000000     
          27 m=   4.8010868663282014E-007 r=   1.0000000000000000      d=   3.0000000000000000     
   1.2108062159785351        1.4042408466339112E-002  0.17395670711994171     
   286.49906158447266        160.53079962730408        289.48594808578491     
   0.0000000000000000        0.0000000000000000        0.0000000000000000     
          28 m=   3.9494758100448931E-007 r=   1.0000000000000000      d=   3.0000000000000000     
   1.2931483275760964        1.2604352235794068E-002  0.12942202389240265     
   121.19588255882263        216.75664901733398        74.364293217658997     
   0.0000000000000000        0.0000000000000000        0.0000000000000000     
          29 m=   4.6841407706989506E-007 r=   1.0000000000000000      d=   3.0000000000000000     
   1.3611081637622606        1.0454980134963989E-002  0.23258821666240692     
   303.18939685821533        249.34623956680298        207.99700498580933     
   0.0000000000000000        0.0000000000000000        0.0000000000000000     
          30 m=   3.1669132355502770E-007 r=   1.0000000000000000      d=   3.0000000000000000     
   1.4419290087535415        8.2952636480331417E-003  0.25753724575042725     
   200.80606698989868        96.997057199478149        122.62333273887634     
   0.0000000000000000        0.0000000000000000        0.0000000000000000     
          31 m=   3.1651746875318213E-007 r=   1.0000000000000000      d=   3.0000000000000000     
   1.4967483251362044        1.9306352138519289E-002  0.21645893156528473     
   106.38774991035461        181.43933773040771        295.60172796249390     
   0.0000000000000000        0.0000000000000000        0.0000000000000000     
          32 m=   5.1397866278525478E-007 r=   1.0000000000000000      d=   3.0000000000000000     
   1.5516578193506916        1.6647652387619019E-002  0.49062624573707581     
   340.42907953262329        74.223428964614868        76.701559424400330     
   0.0000000000000000        0.0000000000000000        0.0000000000000000     
          33 m=   4.0974245331421668E-007 r=   1.0000000000000000      d=   3.0000000000000000     
   1.6410189644163011        1.2273998260498048E-002  0.32564795017242432     
   164.29671764373779        92.296603918075562        346.47042274475098     
   0.0000000000000000        0.0000000000000000        0.0000000000000000     
          34 m=   5.1491587544903390E-007 r=   1.0000000000000000      d=   3.0000000000000000     
   1.7125125305656304        1.0836455821990967E-002   6.7656457424163818E-002
   311.97845935821533        299.58940029144287        288.87931823730469     
   0.0000000000000000        0.0000000000000000        0.0000000000000000     
          35 m=   3.8363710451243354E-007 r=   1.0000000000000000      d=   3.0000000000000000     
   1.8026144928534851        9.1402657330036169E-004  0.26166123151779175     
   244.84321832656860        56.383531093597412        168.70197772979736     
   0.0000000000000000        0.0000000000000000        0.0000000000000000     
          36 m=   6.2205762786877625E-007 r=   1.0000000000000000      d=   3.0000000000000000     
   1.8699871697620407        6.3201570510864257E-003  0.48177397251129150     
   82.533926367759705        60.408840179443359        18.064421564340591     
   0.0000000000000000        0.0000000000000000        0.0000000000000000     
          37 m=   6.4425141504561480E-007 r=   1.0000000000000000      d=   3.0000000000000000     
   1.9795250171759426        8.2180702686309812E-003  0.46996536850929260     
   138.58070611953735        88.704246282577515        133.10922503471375     
   0.0000000000000000        0.0000000000000000        0.0000000000000000     
          38 m=   4.8666679464714595E-007 r=   1.0000000000000000      d=   3.0000000000000000     
   2.0934691140835020        6.4937150478363041E-003  0.37333580851554871     
   224.47366476058960        23.476259708404541        5.6389226764440536     
   0.0000000000000000        0.0000000000000000        0.0000000000000000     
          39 m=   5.4224073949812912E-007 r=   1.0000000000000000      d=   3.0000000000000000     
   2.1799355536745342        1.9245003461837770E-002   2.1962223574519157E-002
   21.223568916320801        76.844188570976257        21.175802797079086     
   0.0000000000000000        0.0000000000000000        0.0000000000000000     
          40 m=   4.9712126891861352E-007 r=   1.0000000000000000      d=   3.0000000000000000     
   2.2766096410447032        3.3917966485023498E-003  0.24076353013515472     
   50.912151932716370        307.50204563140869        114.46303367614746     
   0.0000000000000000        0.0000000000000000        0.0000000000000000     
          41 m=   1.1007308557952558E-006 r=   1.0000000000000000      d=   3.0000000000000000     
   2.3655829377149447        1.5433709621429443E-002  0.24264758825302124     
   287.47454881668091        82.946273088455200        192.65009164810181     
   0.0000000000000000        0.0000000000000000        0.0000000000000000     
          42 m=   6.1006133663398640E-007 r=   1.0000000000000000      d=   3.0000000000000000     
   2.5632908742102027        8.5155874490737914E-004  0.27696922421455383     
   179.36144113540649        267.80228376388550        104.57357883453369     
   0.0000000000000000        0.0000000000000000        0.0000000000000000     
          43 m=   7.0981898021048387E-007 r=   1.0000000000000000      d=   3.0000000000000000     
   2.6737371314047014        1.2847632169723511E-002  0.13507819175720215     
   100.34188985824585        91.625010967254639        226.59490585327148     
   0.0000000000000000        0.0000000000000000        0.0000000000000000     
          44 m=   2.4936782621336339E-006 r=   1.0000000000000000      d=   1.5000000000000000     
   2.7000000000000002        6.4599114656448365E-003  0.14843212068080902     
   312.61315584182739        265.72385072708130        345.75135469436646     
   0.0000000000000000        0.0000000000000000        0.0000000000000000     
          45 m=   2.0690291642806618E-006 r=   1.0000000000000000      d=   1.5000000000000000     
   2.9269670462131718        1.9583597183227539E-002  0.17362430691719055     
   7.0920845121145248        354.54586744308472        125.62795400619507     
   0.0000000000000000        0.0000000000000000        0.0000000000000000     
          46 m=   3.5513289099349761E-006 r=   1.0000000000000000      d=   1.5000000000000000     
   3.1170012694509679        1.3330098390579224E-002  0.19833263754844666     
   345.97176790237427        36.965440213680267        315.42990446090698     
   0.0000000000000000        0.0000000000000000        0.0000000000000000     
          47 m=   3.4782919750031810E-006 r=   1.0000000000000000      d=   1.5000000000000000     
   3.4456692051045499        6.8659029901027677E-004  0.41100782155990601     
   85.816290378570557        88.701236844062805        177.60979771614075     
   0.0000000000000000        0.0000000000000000        0.0000000000000000     
          48 m=   5.4992236821133745E-006 r=   1.0000000000000000      d=   1.5000000000000000     
   3.7718377092207431        1.8558232784271239E-002  0.11670734733343124     
   223.95494699478149        218.97000789642334        27.062112987041473     
   0.0000000000000000        0.0000000000000000        0.0000000000000000     
          49 m=   4.2233489330049003E-006 r=   1.0000000000000000      d=   1.5000000000000000     
   4.2942862246059539        3.2498654723167419E-003   8.4643863141536713E-002
   293.90755891799927        237.80954360961914        154.46372866630554     
   0.0000000000000000        0.0000000000000000        0.0000000000000000     
          50 m=   7.2853753105748670E-006 r=   1.0000000000000000      d=   1.5000000000000000     
   4.7039946914202897        1.2121052742004396E-002   5.5744882673025131E-002
   359.11757469177246        204.36136722564697        274.89033222198486     
   0.0000000000000000        0.0000000000000000        0.0000000000000000     
