)O+_06 Big-body initial data  (WARNING: Do not delete  this line!!)
) Lines beginning with `)` are ignored.
)--------------------------------------------------
style (Cartesian, Asteroidal, Cometary) = Asteroidal
epoch (in days) = 0.
)--------------------------------------------------
           1 m=   4.9608122112280189E-008 r=   1.0000000000000000      d=   3.0000000000000000     
  0.50000000000000000        3.7573960423469546E-003  0.49155038595199585     
   304.27345991134644        82.742226719856262        46.028267741203308     
   0.0000000000000000        0.0000000000000000        0.0000000000000000     
           2 m=   1.0484003159972260E-007 r=   1.0000000000000000      d=   3.0000000000000000     
  0.50826965239463384        1.2887187004089355E-002  0.26493093371391296     
   225.22948980331421        220.43653249740601        122.95589447021484     
   0.0000000000000000        0.0000000000000000        0.0000000000000000     
           3 m=   5.7996585630945436E-008 r=   1.0000000000000000      d=   3.0000000000000000     
  0.52575222212966566        3.6253389716148377E-003  0.39589112997055054     
   302.45082378387451        316.02211475372314        200.20053148269653     
   0.0000000000000000        0.0000000000000000        0.0000000000000000     
           4 m=   1.3462700711745910E-007 r=   1.0000000000000000      d=   3.0000000000000000     
  0.53543019178310014        9.7227019071578977E-003  0.45026859641075134     
   245.64086437225342        272.70761489868164        214.26167964935303     
   0.0000000000000000        0.0000000000000000        0.0000000000000000     
           5 m=   6.6254503016530474E-008 r=   1.0000000000000000      d=   3.0000000000000000     
  0.55790428325195562        3.4753024578094483E-003  0.39880189299583435     
   123.31739187240601        176.23479008674622        323.75372171401978     
   0.0000000000000000        0.0000000000000000        0.0000000000000000     
           6 m=   1.0171917795382386E-007 r=   1.0000000000000000      d=   3.0000000000000000     
  0.56897449093488162        1.9505528211593629E-002   9.0583063662052155E-002
   356.72191143035889        243.66068601608276        248.32470417022705     
   0.0000000000000000        0.0000000000000000        0.0000000000000000     
           7 m=   7.1055415307058410E-008 r=   1.0000000000000000      d=   3.0000000000000000     
  0.58597788104085946        1.1484023332595825E-002  0.43654337525367737     
   229.98423099517822        248.97100925445557        244.13075923919678     
   0.0000000000000000        0.0000000000000000        0.0000000000000000     
           8 m=   1.2007312275710202E-007 r=   1.0000000000000000      d=   3.0000000000000000     
  0.59786359401724076        2.7612689137458801E-003   5.3660232573747635E-002
   191.01469516754150        42.730891406536102        156.84120655059814     
   0.0000000000000000        0.0000000000000000        0.0000000000000000     
           9 m=   8.9202478756003051E-008 r=   1.0000000000000000      d=   3.0000000000000000     
  0.61795823899888414        1.5450343489646912E-003  0.48205819725990295     
   357.36611366271973        155.77552199363708        213.00365924835205     
   0.0000000000000000        0.0000000000000000        0.0000000000000000     
          10 m=   1.1689552350275606E-007 r=   1.0000000000000000      d=   3.0000000000000000     
  0.63289858084904871        1.2332727909088135E-002  0.16254279017448425     
   107.69236564636230        54.088965654373169        341.86097145080566     
   0.0000000000000000        0.0000000000000000        0.0000000000000000     
          11 m=   1.7592219045373348E-007 r=   1.0000000000000000      d=   3.0000000000000000     
  0.65248887840594394        1.9062414169311523E-002  0.35290506482124329     
   88.101006746292114        126.07269644737244        258.47744464874268     
   0.0000000000000000        0.0000000000000000        0.0000000000000000     
          12 m=   1.2307489250850529E-007 r=   1.0000000000000000      d=   3.0000000000000000     
  0.68199445422203875        9.4920146465301523E-003  0.40765038132667542     
   135.62144637107849        278.49612236022949        221.06846094131470     
   0.0000000000000000        0.0000000000000000        0.0000000000000000     
          13 m=   1.0006031577598167E-007 r=   1.0000000000000000      d=   3.0000000000000000     
  0.70266088606564925        3.4719771146774292E-003  0.23028145730495453     
   261.46132707595825        38.233717381954193        73.654698729515076     
   0.0000000000000000        0.0000000000000000        0.0000000000000000     
          14 m=   1.6943119548743082E-007 r=   1.0000000000000000      d=   3.0000000000000000     
  0.71947666219077366        1.8459048271179199E-002  0.16700761020183563     
   298.72032165527344        349.46902513504028        43.654826581478119     
   0.0000000000000000        0.0000000000000000        0.0000000000000000     
          15 m=   2.0755648005162613E-007 r=   1.0000000000000000      d=   3.0000000000000000     
  0.74796981733484635        1.3917783498764038E-002  0.40266090631484985     
   336.15872383117676        313.02263259887695        240.93519687652588     
   0.0000000000000000        0.0000000000000000        0.0000000000000000     
          16 m=   1.0450559978405847E-007 r=   1.0000000000000000      d=   3.0000000000000000     
  0.78291428599641844        6.8800646066665650E-003  0.37655103206634521     
   224.32474851608276        323.67857694625854        354.71267938613892     
   0.0000000000000000        0.0000000000000000        0.0000000000000000     
          17 m=   1.5620018041566141E-007 r=   1.0000000000000000      d=   3.0000000000000000     
  0.80053359021092951        1.9831280708312988E-002  0.17121855914592743     
   144.87227797508240        115.55543303489685        53.184980750083923     
   0.0000000000000000        0.0000000000000000        0.0000000000000000     
          18 m=   1.7109418098870871E-007 r=   1.0000000000000000      d=   3.0000000000000000     
  0.82688699918683251        1.9193065166473389E-002  0.25622111558914185     
   151.66910290718079        192.49493122100830        221.13654613494873     
   0.0000000000000000        0.0000000000000000        0.0000000000000000     
          19 m=   1.9169597356712300E-007 r=   1.0000000000000000      d=   3.0000000000000000     
  0.85578370359642431        6.1937373876571654E-003  0.37779209017753601     
   235.74329853057861        164.39617395401001        157.72797703742981     
   0.0000000000000000        0.0000000000000000        0.0000000000000000     
          20 m=   2.9287051718111811E-007 r=   1.0000000000000000      d=   3.0000000000000000     
  0.88819736225908308        1.7736330032348632E-002  0.21882094442844391     
   209.99782562255859        101.71032071113586        175.59125304222107     
   0.0000000000000000        0.0000000000000000        0.0000000000000000     
          21 m=   1.7535559748991969E-007 r=   1.0000000000000000      d=   3.0000000000000000     
  0.93778275992175364        1.8730310201644899E-002  0.35327333211898804     
   34.264686405658722        319.30516004562378        24.060686230659485     
   0.0000000000000000        0.0000000000000000        0.0000000000000000     
          22 m=   1.5100447456370129E-007 r=   1.0000000000000000      d=   3.0000000000000000     
  0.96753085538089867        6.6931569576263433E-003  0.45035207271575928     
   65.369778871536255        67.236886024475098        284.11329030990601     
   0.0000000000000000        0.0000000000000000        0.0000000000000000     
          23 m=   2.2007478718230757E-007 r=   1.0000000000000000      d=   3.0000000000000000     
  0.99317841965257148        1.1992686986923217E-002  0.48534303903579712     
   61.685174703598022        276.86375141143799        242.76223182678223     
   0.0000000000000000        0.0000000000000000        0.0000000000000000     
          24 m=   2.5232149494931672E-007 r=   1.0000000000000000      d=   3.0000000000000000     
   1.0305956936950975        1.8066167831420898E-002  0.32275488972663879     
   210.17684698104858        154.94755625724792        247.56497383117676     
   0.0000000000000000        0.0000000000000000        0.0000000000000000     
          25 m=   3.1772002201102095E-007 r=   1.0000000000000000      d=   3.0000000000000000     
   1.0735598321897717        1.9914690256118774E-002  0.45386853814125061     
   181.61217927932739        194.98951435089111        136.23366594314575     
   0.0000000000000000        0.0000000000000000        0.0000000000000000     
          26 m=   2.2304759025833776E-007 r=   1.0000000000000000      d=   3.0000000000000000     
   1.1277527839034502        9.3950146436691286E-003  0.29446583986282349     
   69.141849875450134        94.908614158630371        167.89639234542847     
   0.0000000000000000        0.0000000000000000        0.0000000000000000     
          27 m=   2.1976625331493612E-007 r=   1.0000000000000000      d=   3.0000000000000000     
   1.1658801834835837        1.5795061588287355E-002   4.7998219728469849E-002
   297.16386795043945        220.23779153823853        261.77098274230957     
   0.0000000000000000        0.0000000000000000        0.0000000000000000     
          28 m=   4.2006498648425620E-007 r=   1.0000000000000000      d=   3.0000000000000000     
   1.2035040127746792        1.1247503757476808E-002  0.21081957221031189     
   128.63179206848145        250.48508405685425        71.722424626350403     
   0.0000000000000000        0.0000000000000000        0.0000000000000000     
          29 m=   4.7898976488793545E-007 r=   1.0000000000000000      d=   3.0000000000000000     
   1.2755271554214274        1.8929086625576019E-003  0.17032714188098907     
   303.14332723617554        248.37319850921631        3.0232803896069527     
   0.0000000000000000        0.0000000000000000        0.0000000000000000     
          30 m=   5.6966724217128530E-007 r=   1.0000000000000000      d=   3.0000000000000000     
   1.3578903129213526        2.7237340807914736E-003  0.38107416033744812     
   123.99926304817200        59.014166593551636        332.83638954162598     
   0.0000000000000000        0.0000000000000000        0.0000000000000000     
          31 m=   4.6667458655311383E-007 r=   1.0000000000000000      d=   3.0000000000000000     
   1.4561688753937090        4.9316555261611937E-004  0.33487093448638916     
   21.104375571012497        65.218513011932373        183.94153833389282     
   0.0000000000000000        0.0000000000000000        0.0000000000000000     
          32 m=   4.7293742215682250E-007 r=   1.0000000000000000      d=   3.0000000000000000     
   1.5369963432495102        8.7767708301544189E-003  0.47161519527435303     
   335.12296199798584        117.70648956298828        334.20968055725098     
   0.0000000000000000        0.0000000000000000        0.0000000000000000     
          33 m=   6.9528556946214530E-007 r=   1.0000000000000000      d=   3.0000000000000000     
   1.6191737853226018        4.7723522782325747E-003  0.14183735847473145     
   25.381384491920471        235.78104257583618        70.095251798629761     
   0.0000000000000000        0.0000000000000000        0.0000000000000000     
          34 m=   6.8987928245397787E-007 r=   1.0000000000000000      d=   3.0000000000000000     
   1.7403841403339710        2.2254818677902221E-003  0.38558071851730347     
   302.00459003448486        30.288223028182983        261.66729927062988     
   0.0000000000000000        0.0000000000000000        0.0000000000000000     
          35 m=   4.8253532726898597E-007 r=   1.0000000000000000      d=   3.0000000000000000     
   1.8612365321313660        5.3047925233840948E-003  0.43918550014495850     
   147.99317836761475        99.042359590530396        166.95045232772827     
   0.0000000000000000        0.0000000000000000        0.0000000000000000     
          36 m=   6.5930245076140435E-007 r=   1.0000000000000000      d=   3.0000000000000000     
   1.9461762242339786        8.5079938173294074E-003  0.34497165679931641     
   139.86608505249023        22.628815770149231        241.71183586120605     
   0.0000000000000000        0.0000000000000000        0.0000000000000000     
          37 m=   4.8434542948694824E-007 r=   1.0000000000000000      d=   3.0000000000000000     
   2.0626268460139481        8.3099949359893809E-003  0.35759383440017700     
   319.35504913330078        343.84215831756592        108.80069732666016     
   0.0000000000000000        0.0000000000000000        0.0000000000000000     
          38 m=   8.8447213853898242E-007 r=   1.0000000000000000      d=   3.0000000000000000     
   2.1485747484238105        5.1571083068847655E-003  0.24182444810867310     
   296.94459199905396        195.01650810241699        102.76054501533508     
   0.0000000000000000        0.0000000000000000        0.0000000000000000     
          39 m=   5.3068497137368687E-007 r=   1.0000000000000000      d=   3.0000000000000000     
   2.3060663143005926        1.6877999305725099E-002  0.14734278619289398     
   278.54197740554810        270.68183898925781        306.91781759262085     
   0.0000000000000000        0.0000000000000000        0.0000000000000000     
          40 m=   6.5886446486587838E-007 r=   1.0000000000000000      d=   3.0000000000000000     
   2.4011587215755292        2.4189981818199158E-003  0.22686921060085297     
   138.57905387878418        217.99655914306641        259.13962841033936     
   0.0000000000000000        0.0000000000000000        0.0000000000000000     
          41 m=   7.9598788787821158E-007 r=   1.0000000000000000      d=   3.0000000000000000     
   2.5196692848082729        1.1338471174240113E-002  0.33673086762428284     
   262.24088430404663        37.825868725776672        318.86875391006470     
   0.0000000000000000        0.0000000000000000        0.0000000000000000     
          42 m=   7.7906134461962413E-007 r=   1.0000000000000000      d=   3.0000000000000000     
   2.6635246871052254        1.3420665264129638E-002  0.15041756629943848     
   12.403388768434525        222.09999561309814        270.35527467727661     
   0.0000000000000000        0.0000000000000000        0.0000000000000000     
          43 m=   4.1333210636373988E-006 r=   1.0000000000000000      d=   1.5000000000000000     
   2.7000000000000002        1.3914735317230226E-002  0.30174762010574341     
   101.45941615104675        313.43895435333252        32.567743957042694     
   0.0000000000000000        0.0000000000000000        0.0000000000000000     
          44 m=   2.2536320560945625E-006 r=   1.0000000000000000      d=   1.5000000000000000     
   3.0762023702535659        1.4734520912170410E-002  0.10611532628536224     
   347.97984123229980        23.740065693855286        10.301544740796089     
   0.0000000000000000        0.0000000000000000        0.0000000000000000     
          45 m=   2.2217061147868519E-006 r=   1.0000000000000000      d=   1.5000000000000000     
   3.2844311251588025        4.6647453308105470E-003  0.26661619544029236     
   23.484311699867249        139.11901473999023        210.16356468200684     
   0.0000000000000000        0.0000000000000000        0.0000000000000000     
          46 m=   2.5917722879698119E-006 r=   1.0000000000000000      d=   1.5000000000000000     
   3.4914269592298766        1.1184175014495850E-002   6.8337649106979370E-002
   326.31900787353516        230.59995889663696        250.94002962112427     
   0.0000000000000000        0.0000000000000000        0.0000000000000000     
          47 m=   6.3451370018778737E-006 r=   1.0000000000000000      d=   1.5000000000000000     
   3.7349094425945850        8.0411314964294427E-003  0.39431735873222351     
   101.40095472335815        251.65971994400024        98.353761434555054     
   0.0000000000000000        0.0000000000000000        0.0000000000000000     
          48 m=   5.6765520747086392E-006 r=   1.0000000000000000      d=   1.5000000000000000     
   4.3368333710520393        1.9266470670700073E-002  0.45667570829391479     
   228.30761432647705        124.53344106674194        246.93982601165771     
   0.0000000000000000        0.0000000000000000        0.0000000000000000     
          49 m=   3.5301279228325984E-006 r=   1.0000000000000000      d=   1.5000000000000000     
   4.8884555514093231        6.9015502929687506E-004   3.0793938785791397E-002
   44.306412935256958        115.24216175079346        265.95535755157471     
   0.0000000000000000        0.0000000000000000        0.0000000000000000     
