)O+_06 Big-body initial data  (WARNING: Do not delete  this line!!)
) Lines beginning with `)` are ignored.
)--------------------------------------------------
style (Cartesian, Asteroidal, Cometary) = Asteroidal
epoch (in days) = 0.
)--------------------------------------------------
           1 m=   1.1846351216297489E-007 r=   1.0000000000000000      d=   3.0000000000000000     
  0.50000000000000000        1.0003945827484132E-002  0.10993316024541855     
   138.38320970535278        214.31575298309326        19.825101345777512     
   0.0000000000000000        0.0000000000000000        0.0000000000000000     
           2 m=   8.2156000012909508E-008 r=   1.0000000000000000      d=   3.0000000000000000     
  0.51974781598904296        6.4415931701660156E-003   7.0284746587276459E-002
   235.76293230056763        180.82185029983521        345.81289529800415     
   0.0000000000000000        0.0000000000000000        0.0000000000000000     
           3 m=   1.1311432641641616E-007 r=   1.0000000000000000      d=   3.0000000000000000     
  0.53345400790251440        1.4759343862533570E-002  0.39418324828147888     
   353.30711603164673        177.20070719718933        171.47736668586731     
   0.0000000000000000        0.0000000000000000        0.0000000000000000     
           4 m=   5.5058279744927085E-008 r=   1.0000000000000000      d=   3.0000000000000000     
  0.55233536633949842        7.7682100236415870E-004  0.33484756946563721     
   6.4059077203273773        230.72507858276367        18.805670142173767     
   0.0000000000000000        0.0000000000000000        0.0000000000000000     
           5 m=   5.9225883312093130E-008 r=   1.0000000000000000      d=   3.0000000000000000     
  0.56153279152805091        8.2988005876541131E-003  0.26542273163795471     
   188.20120811462402        244.73687410354614        99.052401781082153     
   0.0000000000000000        0.0000000000000000        0.0000000000000000     
           6 m=   1.4672183540391848E-007 r=   1.0000000000000000      d=   3.0000000000000000     
  0.57143005081968434        1.8027175664901734E-002  0.37557002902030945     
   258.61676931381226        210.91896057128906        262.42642879486084     
   0.0000000000000000        0.0000000000000000        0.0000000000000000     
           7 m=   7.1341506254981705E-008 r=   1.0000000000000000      d=   3.0000000000000000     
  0.59595849971998427        2.4253611266613008E-003  0.18112531304359436     
   279.85471487045288        32.807654142379761        62.919344902038574     
   0.0000000000000000        0.0000000000000000        0.0000000000000000     
           8 m=   1.0572689789841579E-007 r=   1.0000000000000000      d=   3.0000000000000000     
  0.60789683335804245        6.5246862173080448E-003  0.33136427402496338     
   23.251487910747528        198.22758436203003        75.277435183525085     
   0.0000000000000000        0.0000000000000000        0.0000000000000000     
           9 m=   8.7008555685160606E-008 r=   1.0000000000000000      d=   3.0000000000000000     
  0.62559769132795195        1.7772057056427003E-002  0.34156325459480286     
   206.72267675399780        12.171104103326797        15.505733639001846     
   0.0000000000000000        0.0000000000000000        0.0000000000000000     
          10 m=   1.7367906788731864E-007 r=   1.0000000000000000      d=   3.0000000000000000     
  0.64017503129766007        5.2441215515136716E-003  0.46770089864730835     
   25.366221964359283        303.39028358459473        132.47687816619873     
   0.0000000000000000        0.0000000000000000        0.0000000000000000     
          11 m=   2.0332270695343687E-007 r=   1.0000000000000000      d=   3.0000000000000000     
  0.66929004754833987        1.9654211997985841E-002  0.27086073160171509     
   357.93285369873047        88.214646577835083        282.58968830108643     
   0.0000000000000000        0.0000000000000000        0.0000000000000000     
          12 m=   1.1723528164423875E-007 r=   1.0000000000000000      d=   3.0000000000000000     
  0.70341414864357343        1.0345005989074707E-002  0.48525863885879517     
   291.74636363983154        289.31937217712402        250.75401306152344     
   0.0000000000000000        0.0000000000000000        0.0000000000000000     
          13 m=   1.0144974487151410E-007 r=   1.0000000000000000      d=   3.0000000000000000     
  0.72311688129080709        1.0847342014312745E-002  0.16227431595325470     
   30.467045903205872        267.88496017456055        256.63101196289062     
   0.0000000000000000        0.0000000000000000        0.0000000000000000     
          14 m=   2.1826378432132792E-007 r=   1.0000000000000000      d=   3.0000000000000000     
  0.74018011597062605        1.5977340936660766E-002  0.24821811914443970     
   185.54796695709229        200.90155363082886        241.99084997177124     
   0.0000000000000000        0.0000000000000000        0.0000000000000000     
          15 m=   9.1138026700960230E-008 r=   1.0000000000000000      d=   3.0000000000000000     
  0.77691583158164379        1.5053832530975341E-002  0.43632081151008606     
   351.39028072357178        78.107846975326538        354.51514005661011     
   0.0000000000000000        0.0000000000000000        0.0000000000000000     
          16 m=   9.4247875144661231E-008 r=   1.0000000000000000      d=   3.0000000000000000     
  0.79227772010721498        1.8661134243011475E-002  0.48141479492187500     
   262.03064203262329        234.49589967727661        336.65255069732666     
   0.0000000000000000        0.0000000000000000        0.0000000000000000     
          17 m=   2.0152567003118100E-007 r=   1.0000000000000000      d=   3.0000000000000000     
  0.80817355778159350        1.8165516853332519E-002  0.32464990019798279     
   263.55696916580200        202.12760210037231        93.334490060806274     
   0.0000000000000000        0.0000000000000000        0.0000000000000000     
          18 m=   2.2676791914671969E-007 r=   1.0000000000000000      d=   3.0000000000000000     
  0.84218447656518658        1.6561297178268434E-002  0.30013608932495117     
   180.73035478591919        139.13396000862122        300.68054437637329     
   0.0000000000000000        0.0000000000000000        0.0000000000000000     
          19 m=   1.3931377853922797E-007 r=   1.0000000000000000      d=   3.0000000000000000     
  0.88050755920032098        2.4400313198566438E-003  0.36534807085990906     
   82.414106726646423        158.92506837844849       0.73565256781876087     
   0.0000000000000000        0.0000000000000000        0.0000000000000000     
          20 m=   1.3643125360284537E-007 r=   1.0000000000000000      d=   3.0000000000000000     
  0.90408727858418325        7.1472656726837159E-003   6.7219729535281658E-003
   39.998830854892731        113.39569687843323        68.766281604766846     
   0.0000000000000000        0.0000000000000000        0.0000000000000000     
          21 m=   3.1900475386029697E-007 r=   1.0000000000000000      d=   3.0000000000000000     
  0.92720090301279934        1.9962332248687743E-002  0.49884292483329773     
   131.01294994354248        172.52715110778809        121.92451000213623     
   0.0000000000000000        0.0000000000000000        0.0000000000000000     
          22 m=   2.2722949826945082E-007 r=   1.0000000000000000      d=   3.0000000000000000     
  0.98129537204668582        1.2876231670379639E-002   2.9969353228807449E-002
   199.73865509033203        269.71527814865112        194.11989927291870     
   0.0000000000000000        0.0000000000000000        0.0000000000000000     
          23 m=   2.0552224472163511E-007 r=   1.0000000000000000      d=   3.0000000000000000     
   1.0199107361371951        4.0187755227088931E-003  0.46460270881652832     
   176.89879775047302        272.74138927459717        226.57997131347656     
   0.0000000000000000        0.0000000000000000        0.0000000000000000     
          24 m=   1.5884082044357633E-007 r=   1.0000000000000000      d=   3.0000000000000000     
   1.0548911607350375        7.1358513832092286E-003  0.42807283997535706     
   238.93680095672607        330.42147874832153        129.08667325973511     
   0.0000000000000000        0.0000000000000000        0.0000000000000000     
          25 m=   3.6440544450735692E-007 r=   1.0000000000000000      d=   3.0000000000000000     
   1.0819641390793318        1.4387491345405580E-003  0.21989355981349945     
   153.40761423110962        211.99763774871826        232.56724119186401     
   0.0000000000000000        0.0000000000000000        0.0000000000000000     
          26 m=   3.7776637865706010E-007 r=   1.0000000000000000      d=   3.0000000000000000     
   1.1441410407707517        6.3966020941734318E-004   2.5074161589145660E-002
   265.71159839630127        255.96155405044556        163.35660338401794     
   0.0000000000000000        0.0000000000000000        0.0000000000000000     
          27 m=   3.5825486580444121E-007 r=   1.0000000000000000      d=   3.0000000000000000     
   1.2087581680478205        1.2096963822841645E-003   2.5676263496279716E-002
   215.52843332290649        260.68812131881714        191.34235382080078     
   0.0000000000000000        0.0000000000000000        0.0000000000000000     
          28 m=   2.0188084105065110E-007 r=   1.0000000000000000      d=   3.0000000000000000     
   1.2701964348573680        2.4731534719467162E-003  0.49729284644126892     
   222.15589284896851        151.42526865005493        334.23858404159546     
   0.0000000000000000        0.0000000000000000        0.0000000000000000     
          29 m=   4.4856121942065622E-007 r=   1.0000000000000000      d=   3.0000000000000000     
   1.3049028098840010        1.9184578955173492E-003  0.39212170243263245     
   310.26699542999268        102.19475984573364        312.73432731628418     
   0.0000000000000000        0.0000000000000000        0.0000000000000000     
          30 m=   3.4039311471515009E-007 r=   1.0000000000000000      d=   3.0000000000000000     
   1.3821244079969868        1.0154241323471069E-002  0.21680355072021484     
   190.06798267364502        158.76321315765381        295.18637180328369     
   0.0000000000000000        0.0000000000000000        0.0000000000000000     
          31 m=   5.1256545411190662E-007 r=   1.0000000000000000      d=   3.0000000000000000     
   1.4409057239935379        1.3562732934951782E-002  0.45274490118026733     
   175.91144442558289        334.79504585266113        67.174621224403381     
   0.0000000000000000        0.0000000000000000        0.0000000000000000     
          32 m=   4.3216484370664784E-007 r=   1.0000000000000000      d=   3.0000000000000000     
   1.5296272506641779        7.8896886110305792E-003  0.48945441842079163     
   59.336090683937073        128.53933095932007        190.10630607604980     
   0.0000000000000000        0.0000000000000000        0.0000000000000000     
          33 m=   4.8816438490614729E-007 r=   1.0000000000000000      d=   3.0000000000000000     
   1.6046979323052495        6.0889983177185060E-003  0.31113481521606445     
   358.71363401412964        338.67115974426270        128.42065930366516     
   0.0000000000000000        0.0000000000000000        0.0000000000000000     
          34 m=   3.6868101665046828E-007 r=   1.0000000000000000      d=   3.0000000000000000     
   1.6897512242608841        1.1171885728836060E-002  0.46836042404174805     
   105.14995336532593        172.76034235954285        35.860756337642670     
   0.0000000000000000        0.0000000000000000        0.0000000000000000     
          35 m=   8.1388782547857503E-007 r=   1.0000000000000000      d=   3.0000000000000000     
   1.7542057384792040        7.0413666963577270E-003  0.35730352997779846     
   212.77970552444458        144.92892622947693        357.04160928726196     
   0.0000000000000000        0.0000000000000000        0.0000000000000000     
          36 m=   3.8302246109604303E-007 r=   1.0000000000000000      d=   3.0000000000000000     
   1.8968606750141437        1.8436175584793092E-002  0.21105331182479858     
   345.59911251068115        145.38375377655029        72.257686257362366     
   0.0000000000000000        0.0000000000000000        0.0000000000000000     
          37 m=   9.2918271287990693E-007 r=   1.0000000000000000      d=   3.0000000000000000     
   1.9643794672818153        1.5518929958343506E-002   3.7666480988264084E-002
   51.570596694946289        50.247023105621338        24.885849058628082     
   0.0000000000000000        0.0000000000000000        0.0000000000000000     
          38 m=   8.4247650115551141E-007 r=   1.0000000000000000      d=   3.0000000000000000     
   2.1286177765833738        1.3439497947692872E-002  0.17769579589366913     
   186.42916917800903        255.96876382827759        336.25386714935303     
   0.0000000000000000        0.0000000000000000        0.0000000000000000     
          39 m=   4.4897029603842072E-007 r=   1.0000000000000000      d=   3.0000000000000000     
   2.2785117776251491        3.0719918012619019E-003  0.48639121651649475     
   171.05566978454590        294.45927858352661        180.99636554718018     
   0.0000000000000000        0.0000000000000000        0.0000000000000000     
          40 m=   1.1911667002324214E-006 r=   1.0000000000000000      d=   3.0000000000000000     
   2.3588732694718875        1.0006901025772095E-002  0.32220289111137390     
   325.74192523956299        241.74168348312378        173.22552323341370     
   0.0000000000000000        0.0000000000000000        0.0000000000000000     
          41 m=   7.2859819123398152E-007 r=   1.0000000000000000      d=   3.0000000000000000     
   2.5727674395650415        9.9448531866073615E-003   2.3885251954197884E-002
   38.729502260684967        276.28108978271484        134.26247835159302     
   0.0000000000000000        0.0000000000000000        0.0000000000000000     
          42 m=   2.8148736914700968E-006 r=   1.0000000000000000      d=   1.5000000000000000     
   2.7000000000000002        1.2768356502056123E-003  0.20695206522941589     
   12.474118620157242        351.20904922485352        158.45224857330322     
   0.0000000000000000        0.0000000000000000        0.0000000000000000     
          43 m=   3.1439219729387854E-006 r=   1.0000000000000000      d=   1.5000000000000000     
   2.9562012818243422        1.5121382474899293E-002  0.35521507263183594     
   4.2320151999592781        176.56264185905457        340.89138507843018     
   0.0000000000000000        0.0000000000000000        0.0000000000000000     
          44 m=   3.2378450361710283E-006 r=   1.0000000000000000      d=   1.5000000000000000     
   3.2452991022036008        1.5124827623367310E-002  0.22705653309822083     
   170.45246243476868        120.62360644340515        108.28240871429443     
   0.0000000000000000        0.0000000000000000        0.0000000000000000     
          45 m=   2.4357451598490322E-006 r=   1.0000000000000000      d=   1.5000000000000000     
   3.5464965318600323        9.2148721218109127E-003  0.38684418797492981     
   157.34878778457642        113.22767257690430        344.17200565338135     
   0.0000000000000000        0.0000000000000000        0.0000000000000000     
          46 m=   4.5738783398068453E-006 r=   1.0000000000000000      d=   1.5000000000000000     
   3.7758257473436707        1.8962783813476564E-002   5.4069340229034424E-002
   130.46913743019104        22.503865063190460        253.90093088150024     
   0.0000000000000000        0.0000000000000000        0.0000000000000000     
          47 m=   6.8202125947399469E-006 r=   1.0000000000000000      d=   1.5000000000000000     
   4.2104320321442605        3.6843776702880859E-003  0.43349200487136841     
   82.821164131164551        91.902501583099365        144.93588924407959     
   0.0000000000000000        0.0000000000000000        0.0000000000000000     
          48 m=   5.2522792910010504E-006 r=   1.0000000000000000      d=   1.5000000000000000     
   4.8698475916389556        1.3870225846767425E-003  0.18266633152961731     
   1.7640620470046997        177.93550372123718        239.23304557800293     
   0.0000000000000000        0.0000000000000000        0.0000000000000000     
