)O+_06 Big-body initial data  (WARNING: Do not delete  this line!!)
) Lines beginning with `)` are ignored.
)--------------------------------------------------
style (Cartesian, Asteroidal, Cometary) = Asteroidal
epoch (in days) = 0.
)--------------------------------------------------
           1 m=   8.2093830070272791E-008 r=   1.0000000000000000      d=   3.0000000000000000     
  0.50000000000000000        1.1081035137176514E-002  0.33656710386276245     
   351.66167736053467        270.55978775024414        177.78926968574524     
   0.0000000000000000        0.0000000000000000        0.0000000000000000     
           2 m=   5.4189427725239526E-008 r=   1.0000000000000000      d=   3.0000000000000000     
  0.51368500579176812        1.1916173696517944E-002  0.13001480698585510     
   221.86048507690430        109.74074721336365        213.73714685440063     
   0.0000000000000000        0.0000000000000000        0.0000000000000000     
           3 m=   5.2358313029245462E-008 r=   1.0000000000000000      d=   3.0000000000000000     
  0.52272330605463624        1.6918440163135528E-003  0.18361005187034607     
   74.689452052116394        104.30796504020691        131.76018118858337     
   0.0000000000000000        0.0000000000000000        0.0000000000000000     
           4 m=   1.2353646917524731E-007 r=   1.0000000000000000      d=   3.0000000000000000     
  0.53145935094508312        1.7602871656417846E-002  0.37965136766433716     
   307.77760505676270        329.53808784484863        30.837209522724152     
   0.0000000000000000        0.0000000000000000        0.0000000000000000     
           5 m=   1.5456153705395591E-007 r=   1.0000000000000000      d=   3.0000000000000000     
  0.55207875727015265        9.8187100887298581E-003  0.29809081554412842     
   154.76615309715271        223.07389497756958        36.056981384754181     
   0.0000000000000000        0.0000000000000000        0.0000000000000000     
           6 m=   1.4608888297674966E-007 r=   1.0000000000000000      d=   3.0000000000000000     
  0.57789782734009731        1.2780132293701172E-002  0.24713036417961121     
   308.94046068191528        195.25391578674316        124.33830499649048     
   0.0000000000000000        0.0000000000000000        0.0000000000000000     
           7 m=   1.5585927693906616E-007 r=   1.0000000000000000      d=   3.0000000000000000     
  0.60232678066611023        1.5281301736831666E-002  0.45665058493614197     
   40.659829080104828        199.25727367401123        247.83712148666382     
   0.0000000000000000        0.0000000000000000        0.0000000000000000     
           8 m=   7.6002442047590132E-008 r=   1.0000000000000000      d=   3.0000000000000000     
  0.62841501716666015        4.9669101834297182E-003  0.34452679753303528     
   30.528154671192169        332.76090145111084        25.045622885227203     
   0.0000000000000000        0.0000000000000000        0.0000000000000000     
           9 m=   7.1600641972650979E-008 r=   1.0000000000000000      d=   3.0000000000000000     
  0.64114983719317098        1.8581544160842896E-002   6.8738475441932678E-002
   127.67334222793579        49.317659139633179        312.60448694229126     
   0.0000000000000000        0.0000000000000000        0.0000000000000000     
          10 m=   1.2064472358884349E-007 r=   1.0000000000000000      d=   3.0000000000000000     
  0.65315321311435492        1.8599539995193481E-002  0.24569238722324371     
   237.50405073165894        158.86559844017029        51.834509968757629     
   0.0000000000000000        0.0000000000000000        0.0000000000000000     
          11 m=   1.6638790397420635E-007 r=   1.0000000000000000      d=   3.0000000000000000     
  0.67338821941922677        1.8047339916229248E-002  0.35386890172958374     
   4.1991899907588959        279.64033126831055        166.95778012275696     
   0.0000000000000000        0.0000000000000000        0.0000000000000000     
          12 m=   8.5541709662139475E-008 r=   1.0000000000000000      d=   3.0000000000000000     
  0.70131804864393210        1.0161166191101075E-002   5.8101832866668701E-002
   96.056127548217773        156.11064791679382        344.68999385833740     
   0.0000000000000000        0.0000000000000000        0.0000000000000000     
          13 m=   1.0062276774330908E-007 r=   1.0000000000000000      d=   3.0000000000000000     
  0.71569310798455843        1.8268878459930419E-002  0.48791372776031494     
   223.02570104598999        230.06626367568970        305.62237501144409     
   0.0000000000000000        0.0000000000000000        0.0000000000000000     
          14 m=   1.4571400720972533E-007 r=   1.0000000000000000      d=   3.0000000000000000     
  0.73261222520984171        1.2718665599822999E-002  0.41853651404380798     
   80.573092103004456        83.827915191650391        334.40125465393066     
   0.0000000000000000        0.0000000000000000        0.0000000000000000     
          15 m=   2.3457871149689508E-007 r=   1.0000000000000000      d=   3.0000000000000000     
  0.75712975193675547        2.0151849091053007E-003  0.45195692777633667     
   133.90139937400818       0.40613543707877398        303.23490858078003     
   0.0000000000000000        0.0000000000000000        0.0000000000000000     
          16 m=   2.0288104448802068E-007 r=   1.0000000000000000      d=   3.0000000000000000     
  0.79663819042966100        2.7214905619621279E-003  0.39460507035255432     
   121.86994314193726        26.243779063224792        279.93121147155762     
   0.0000000000000000        0.0000000000000000        0.0000000000000000     
          17 m=   2.5034131724994795E-007 r=   1.0000000000000000      d=   3.0000000000000000     
  0.83086205689790216        3.6069098114967345E-003  0.46630439162254333     
   45.895407199859619        4.9591623991727829        347.79086351394653     
   0.0000000000000000        0.0000000000000000        0.0000000000000000     
          18 m=   2.4111159062373639E-007 r=   1.0000000000000000      d=   3.0000000000000000     
  0.87314981516429313        1.2442666292190553E-002  0.32194909453392029     
   252.57336616516113        315.64460992813110        284.53660726547241     
   0.0000000000000000        0.0000000000000000        0.0000000000000000     
          19 m=   2.1339807052432378E-007 r=   1.0000000000000000      d=   3.0000000000000000     
  0.91394743547702151        7.8576910495758052E-003  0.45434483885765076     
   255.98929882049561        175.81396222114563        155.11532306671143     
   0.0000000000000000        0.0000000000000000        0.0000000000000000     
          20 m=   1.7128473269164742E-007 r=   1.0000000000000000      d=   3.0000000000000000     
  0.95011472471544556        7.0365297794342044E-003  0.38515585660934448     
   161.26061797142029        69.091188311576843        108.80795001983643     
   0.0000000000000000        0.0000000000000000        0.0000000000000000     
          21 m=   2.1619603283014840E-007 r=   1.0000000000000000      d=   3.0000000000000000     
  0.97918655772709384        1.1046276092529297E-002  0.29474750161170959     
   84.842707514762878        12.854726761579514        21.494620889425278     
   0.0000000000000000        0.0000000000000000        0.0000000000000000     
          22 m=   3.4561247283561632E-007 r=   1.0000000000000000      d=   3.0000000000000000     
   1.0159237965074905        1.3864311575889588E-003   5.9000372886657715E-002
   268.31424236297607        183.39968919754028        225.51607847213745     
   0.0000000000000000        0.0000000000000000        0.0000000000000000     
          23 m=   2.7332389637341491E-007 r=   1.0000000000000000      d=   3.0000000000000000     
   1.0747385646347007        2.0830717682838442E-003  0.28209969401359558     
   344.67671155929565        120.16183733940125        215.07692098617554     
   0.0000000000000000        0.0000000000000000        0.0000000000000000     
          24 m=   4.0126886326733196E-007 r=   1.0000000000000000      d=   3.0000000000000000     
   1.1213611445629261        5.6843918561935427E-003  0.35719284415245056     
   100.16504645347595        76.471286416053772        264.73179817199707     
   0.0000000000000000        0.0000000000000000        0.0000000000000000     
          25 m=   4.3264904826365556E-007 r=   1.0000000000000000      d=   3.0000000000000000     
   1.1899358700599445        1.4613819122314454E-002   1.7477625980973244E-002
   293.09418439865112        220.35239696502686        8.3417303860187531     
   0.0000000000000000        0.0000000000000000        0.0000000000000000     
          26 m=   1.8777839370459631E-007 r=   1.0000000000000000      d=   3.0000000000000000     
   1.2640763911045263        1.8272008895874024E-002   3.9290197193622589E-002
   24.376304447650909        18.498735576868057        258.44171762466431     
   0.0000000000000000        0.0000000000000000        0.0000000000000000     
          27 m=   2.4823012395354884E-007 r=   1.0000000000000000      d=   3.0000000000000000     
   1.2963504400726114        7.9239267110824581E-003  0.21769663691520691     
   140.94875335693359        265.67514181137085        90.075681209564209     
   0.0000000000000000        0.0000000000000000        0.0000000000000000     
          28 m=   2.4038226860816156E-007 r=   1.0000000000000000      d=   3.0000000000000000     
   1.3390696267559923        1.5844018459320069E-002  0.45485356450080872     
   72.267642617225647        288.54994297027588        23.935169577598572     
   0.0000000000000000        0.0000000000000000        0.0000000000000000     
          29 m=   4.5610524774352302E-007 r=   1.0000000000000000      d=   3.0000000000000000     
   1.3805089857946300        1.2645121812820435E-002  0.11086379736661911     
   350.27585506439209        199.81341361999512        215.60145378112793     
   0.0000000000000000        0.0000000000000000        0.0000000000000000     
          30 m=   4.3259001747307647E-007 r=   1.0000000000000000      d=   3.0000000000000000     
   1.4592671427120387        1.1171298027038574E-002  0.28888764977455139     
   64.174645543098450        278.10286760330200        105.19254684448242     
   0.0000000000000000        0.0000000000000000        0.0000000000000000     
          31 m=   3.3610887183969064E-007 r=   1.0000000000000000      d=   3.0000000000000000     
   1.5342004908397491        1.0271873474121094E-002   5.9755053371191025E-002
   336.65122032165527        22.409593462944031        183.08121442794800     
   0.0000000000000000        0.0000000000000000        0.0000000000000000     
          32 m=   6.2621495117774834E-007 r=   1.0000000000000000      d=   3.0000000000000000     
   1.5925961205859327        7.6992309093475344E-003  0.28767263889312744     
   219.97521400451660        149.54305529594421        43.925858438014984     
   0.0000000000000000        0.0000000000000000        0.0000000000000000     
          33 m=   3.9853131167107133E-007 r=   1.0000000000000000      d=   3.0000000000000000     
   1.7016492765714502        3.7278005480766295E-003  0.40856561064720154     
   70.076867938041687        216.68388605117798        105.81862807273865     
   0.0000000000000000        0.0000000000000000        0.0000000000000000     
          34 m=   7.7777370845996029E-007 r=   1.0000000000000000      d=   3.0000000000000000     
   1.7713555237658407        1.1747410893440248E-003  0.10729077458381653     
   209.63531970977783        248.23095560073853        182.09021329879761     
   0.0000000000000000        0.0000000000000000        0.0000000000000000     
          35 m=   7.1530770292629018E-007 r=   1.0000000000000000      d=   3.0000000000000000     
   1.9077740751169090        1.0195487737655639E-002  0.25189781188964844     
   93.189307451248169        305.60280561447144        170.28316140174866     
   0.0000000000000000        0.0000000000000000        0.0000000000000000     
          36 m=   9.4131571218266109E-007 r=   1.0000000000000000      d=   3.0000000000000000     
   2.0339228130246196        8.4468662738800045E-003  0.25305029749870300     
   177.60621428489685        54.585608839988708        339.78262424468994     
   0.0000000000000000        0.0000000000000000        0.0000000000000000     
          37 m=   1.0669389361545536E-006 r=   1.0000000000000000      d=   3.0000000000000000     
   2.2007691759372321        1.2337009608745576E-003  0.12972764670848846     
   129.29009199142456        222.34656572341919        95.743221044540405     
   0.0000000000000000        0.0000000000000000        0.0000000000000000     
          38 m=   6.0926140160659131E-007 r=   1.0000000000000000      d=   3.0000000000000000     
   2.3911483412909211        9.6610188484191895E-003  0.30604177713394165     
   305.01819133758545        192.60717630386353        341.66313171386719     
   0.0000000000000000        0.0000000000000000        0.0000000000000000     
          39 m=   5.5832017647539167E-007 r=   1.0000000000000000      d=   3.0000000000000000     
   2.5006928833811801        1.9393359422683717E-002  0.26026383042335510     
   144.50830221176147        165.52003026008606        288.69119882583618     
   0.0000000000000000        0.0000000000000000        0.0000000000000000     
          40 m=   8.4524120956473747E-007 r=   1.0000000000000000      d=   3.0000000000000000     
   2.6015190800644077        1.6999626159667970E-002  0.49603629112243652     
   274.78937387466431        47.752869129180908        109.03200030326843     
   0.0000000000000000        0.0000000000000000        0.0000000000000000     
          41 m=   3.1999633317973247E-006 r=   1.0000000000000000      d=   1.5000000000000000     
   2.7000000000000002        1.2547329664230347E-002  0.48515874147415161     
   212.32147693634033        194.26227092742920        341.16340398788452     
   0.0000000000000000        0.0000000000000000        0.0000000000000000     
          42 m=   2.1713939014649570E-006 r=   1.0000000000000000      d=   1.5000000000000000     
   2.9912509750905381        1.3318872451782227E-002  0.31838238239288330     
   84.571911692619324        340.90644836425781        28.387046456336975     
   0.0000000000000000        0.0000000000000000        0.0000000000000000     
          43 m=   2.2917465719524107E-006 r=   1.0000000000000000      d=   1.5000000000000000     
   3.1912005787595570        2.6648202538490295E-003  0.22583650052547455     
   43.731535077095032        75.650954246520996        267.14928388595581     
   0.0000000000000000        0.0000000000000000        0.0000000000000000     
          44 m=   4.5893546229549581E-006 r=   1.0000000000000000      d=   1.5000000000000000     
   3.4039272795772764        1.6044331789016725E-002  0.43524226546287537     
   289.73391294479370        317.30684995651245        187.77855634689331     
   0.0000000000000000        0.0000000000000000        0.0000000000000000     
          45 m=   4.6434215871081898E-006 r=   1.0000000000000000      d=   1.5000000000000000     
   3.8335650684480687        1.6126027107238771E-002  0.17939920723438263     
   64.712836146354675        264.72915887832642        76.604978442192078     
   0.0000000000000000        0.0000000000000000        0.0000000000000000     
          46 m=   6.7700963387097321E-006 r=   1.0000000000000000      d=   1.5000000000000000     
   4.2757994913926378        3.0521413683891295E-003  0.11898150295019150     
   158.40951561927795        308.48068714141846        274.24600124359131     
   0.0000000000000000        0.0000000000000000        0.0000000000000000     
          47 m=   5.8137558532003080E-006 r=   1.0000000000000000      d=   1.5000000000000000     
   4.9320832791023843        8.9379066228866579E-003  0.37010490894317627     
   239.00793313980103        59.326783418655396        80.979334115982056     
   0.0000000000000000        0.0000000000000000        0.0000000000000000     
