)O+_06 Big-body initial data  (WARNING: Do not delete  this line!!)
) Lines beginning with `)` are ignored.
)--------------------------------------------------
style (Cartesian, Asteroidal, Cometary) = Asteroidal
epoch (in days) = 0.
)--------------------------------------------------
           1 m=   9.2761886284536450E-008 r=   1.0000000000000000      d=   3.0000000000000000     
  0.50000000000000000        1.8349438905715942E-002   5.8304782956838608E-002
   158.57305526733398        340.59447526931763        125.12639164924622     
   0.0000000000000000        0.0000000000000000        0.0000000000000000     
           2 m=   6.9428580121087030E-008 r=   1.0000000000000000      d=   3.0000000000000000     
  0.51546336612596300        1.5739884376525879E-002   8.1840030848979950E-002
   142.96265244483948        30.887694060802460        192.75306701660156     
   0.0000000000000000        0.0000000000000000        0.0000000000000000     
           3 m=   1.3205867994065016E-007 r=   1.0000000000000000      d=   3.0000000000000000     
  0.52704424121356042        1.0572476387023926E-002  0.39363449811935425     
   285.51046371459961        330.56284189224243        257.34042406082153     
   0.0000000000000000        0.0000000000000000        0.0000000000000000     
           4 m=   7.6572042484104806E-008 r=   1.0000000000000000      d=   3.0000000000000000     
  0.54908219285935811        1.6243185997009277E-002  0.22105814516544342     
   314.68701839447021        314.30708885192871        181.09097242355347     
   0.0000000000000000        0.0000000000000000        0.0000000000000000     
           5 m=   1.0263435379012201E-007 r=   1.0000000000000000      d=   3.0000000000000000     
  0.56187180411448268        1.1261028796434403E-003  0.11045611649751663     
   136.50638222694397        268.27342987060547        34.199189543724060     
   0.0000000000000000        0.0000000000000000        0.0000000000000000     
           6 m=   6.5964045281780186E-008 r=   1.0000000000000000      d=   3.0000000000000000     
  0.57902330156322324        1.7309957742691041E-002   7.6040975749492645E-002
   201.50893449783325        319.61000919342041        236.25877618789673     
   0.0000000000000000        0.0000000000000000        0.0000000000000000     
           7 m=   9.6944375360329664E-008 r=   1.0000000000000000      d=   3.0000000000000000     
  0.59005429240395990        1.0712055861949921E-003  0.47810825705528259     
   125.72939515113831        318.79150629043579        11.755636632442474     
   0.0000000000000000        0.0000000000000000        0.0000000000000000     
           8 m=   8.0298207254039917E-008 r=   1.0000000000000000      d=   3.0000000000000000     
  0.60627319581671224        1.2002509832382203E-002  0.37456980347633362     
   16.035166829824448        270.53006887435913        255.80075025558472     
   0.0000000000000000        0.0000000000000000        0.0000000000000000     
           9 m=   1.6263178803029913E-007 r=   1.0000000000000000      d=   3.0000000000000000     
  0.61971589472291422        7.2287118434906008E-003  0.44103142619132996     
   74.689586162567139        138.17764520645142        193.30309152603149     
   0.0000000000000000        0.0000000000000000        0.0000000000000000     
          10 m=   1.4704562429160665E-007 r=   1.0000000000000000      d=   3.0000000000000000     
  0.64695667745733887        1.0080611705780030E-002  0.32755991816520691     
   299.67613220214844        262.67027378082275        236.07293128967285     
   0.0000000000000000        0.0000000000000000        0.0000000000000000     
          11 m=   1.3278473156216077E-007 r=   1.0000000000000000      d=   3.0000000000000000     
  0.67161363412749231        1.2915390729904176E-002  0.49406713247299194     
   344.00448560714722        251.49925947189331        40.773959755897522     
   0.0000000000000000        0.0000000000000000        0.0000000000000000     
          12 m=   1.3265655929152916E-007 r=   1.0000000000000000      d=   3.0000000000000000     
  0.69390126167715860        1.6368509829044343E-003  0.23296666145324707     
   68.837783932685852        286.27070903778076        223.38473081588745     
   0.0000000000000000        0.0000000000000000        0.0000000000000000     
          13 m=   2.1210691470138268E-007 r=   1.0000000000000000      d=   3.0000000000000000     
  0.71618723499609105        1.1241403818130493E-002  0.33119258284568787     
   180.25824308395386        17.745164930820465        247.56411552429199     
   0.0000000000000000        0.0000000000000000        0.0000000000000000     
          14 m=   1.3447498733148523E-007 r=   1.0000000000000000      d=   3.0000000000000000     
  0.75185245038919268        1.4440517425537109E-002  0.19704501330852509     
   166.38064384460449        201.25659227371216        275.22601604461670     
   0.0000000000000000        0.0000000000000000        0.0000000000000000     
          15 m=   2.4726653368184325E-007 r=   1.0000000000000000      d=   3.0000000000000000     
  0.77449634394609035        1.1899400949478150E-002  0.12757341563701630     
   300.84851503372192        145.55274367332458        93.412059545516968     
   0.0000000000000000        0.0000000000000000        0.0000000000000000     
          16 m=   1.1398401765545276E-007 r=   1.0000000000000000      d=   3.0000000000000000     
  0.81617064244357651        1.9818295240402222E-002   7.8523829579353333E-002
   262.24708557128906        200.60919284820557        62.484344244003296     
   0.0000000000000000        0.0000000000000000        0.0000000000000000     
          17 m=   2.4963510586609646E-007 r=   1.0000000000000000      d=   3.0000000000000000     
  0.83541355803427297        6.0398548841476439E-003  0.43522953987121582     
   209.60987091064453        59.637447595596313        214.43894147872925     
   0.0000000000000000        0.0000000000000000        0.0000000000000000     
          18 m=   2.4310205044667973E-007 r=   1.0000000000000000      d=   3.0000000000000000     
  0.87758970067477038        1.0484032630920410E-002  0.48292365670204163     
   282.43935585021973        38.419294059276581        52.677458524703979     
   0.0000000000000000        0.0000000000000000        0.0000000000000000     
          19 m=   2.5250522779258019E-007 r=   1.0000000000000000      d=   3.0000000000000000     
  0.91873142542913411        1.9857522249221802E-002  0.20239958167076111     
   75.211222171783447        358.08292865753174        222.36570596694946     
   0.0000000000000000        0.0000000000000000        0.0000000000000000     
          20 m=   1.4674785310269161E-007 r=   1.0000000000000000      d=   3.0000000000000000     
  0.96153489282049054        1.4836176633834838E-002  0.34798777103424072     
   247.20781087875366        277.34738588333130        327.39676237106323     
   0.0000000000000000        0.0000000000000000        0.0000000000000000     
          21 m=   2.2803626252489720E-007 r=   1.0000000000000000      d=   3.0000000000000000     
  0.98645350816038646        1.3420733213424683E-002  0.28655439615249634     
   136.83089733123779        75.325441360473633        59.994390606880188     
   0.0000000000000000        0.0000000000000000        0.0000000000000000     
          22 m=   2.2059477644155458E-007 r=   1.0000000000000000      d=   3.0000000000000000     
   1.0252139701532459        2.0626492798328398E-003  0.33773100376129150     
   167.40983963012695        68.507475256919861        327.51630306243896     
   0.0000000000000000        0.0000000000000000        0.0000000000000000     
          23 m=   1.9497246598423254E-007 r=   1.0000000000000000      d=   3.0000000000000000     
   1.0627677445588430        2.1979705989360809E-003  0.29218780994415283     
   337.01503515243530        202.31243848800659        57.357982993125916     
   0.0000000000000000        0.0000000000000000        0.0000000000000000     
          24 m=   1.9915482700072087E-007 r=   1.0000000000000000      d=   3.0000000000000000     
   1.0960095060524182        1.1785650253295898E-002   4.4983115047216415E-002
   213.65893363952637        72.168996334075928        260.95181465148926     
   0.0000000000000000        0.0000000000000000        0.0000000000000000     
          25 m=   2.2030077405966027E-007 r=   1.0000000000000000      d=   3.0000000000000000     
   1.1300095164717465        7.1175760030746460E-003  0.21733613312244415     
   14.225322157144547        294.18848276138306        251.68467521667480     
   0.0000000000000000        0.0000000000000000        0.0000000000000000     
          26 m=   1.9510651464156225E-007 r=   1.0000000000000000      d=   3.0000000000000000     
   1.1676707791713061        8.4095060825347904E-003  0.41354936361312866     
   288.67928981781006        332.87181615829468        7.5630348175764084     
   0.0000000000000000        0.0000000000000000        0.0000000000000000     
          27 m=   4.3812435207946521E-007 r=   1.0000000000000000      d=   3.0000000000000000     
   1.2010752708723766        1.9227290153503419E-002  0.35874843597412109     
   323.83993864059448        327.85050630569458        104.28939342498779     
   0.0000000000000000        0.0000000000000000        0.0000000000000000     
          28 m=   3.9129138000189622E-007 r=   1.0000000000000000      d=   3.0000000000000000     
   1.2761875232711730        1.9622207880020143E-002  0.25278976559638977     
   122.22359776496887        357.20121145248413        215.90276241302490     
   0.0000000000000000        0.0000000000000000        0.0000000000000000     
          29 m=   3.2477010223635535E-007 r=   1.0000000000000000      d=   3.0000000000000000     
   1.3434725619639629        1.3456834554672241E-002   9.3614764511585236E-002
   95.505191087722778        324.19195175170898        142.97267317771912     
   0.0000000000000000        0.0000000000000000        0.0000000000000000     
          30 m=   4.2942490862337851E-007 r=   1.0000000000000000      d=   3.0000000000000000     
   1.3994693515482679        1.6640312671661377E-002   8.2826294004917145E-002
   175.50287961959839        58.530639410018921        163.95396351814270     
   0.0000000000000000        0.0000000000000000        0.0000000000000000     
          31 m=   4.6834508919520341E-007 r=   1.0000000000000000      d=   3.0000000000000000     
   1.4736767288121366        1.7212404310703278E-003  0.25837677717208862     
   8.7772969901561737        143.73020410537720        148.37280750274658     
   0.0000000000000000        0.0000000000000000        0.0000000000000000     
          32 m=   4.3269101504106105E-007 r=   1.0000000000000000      d=   3.0000000000000000     
   1.5548503528189432        4.3876004219055176E-003  0.32780328392982483     
   218.46038818359375        177.65430092811584        255.67153215408325     
   0.0000000000000000        0.0000000000000000        0.0000000000000000     
          33 m=   4.2896977558799872E-007 r=   1.0000000000000000      d=   3.0000000000000000     
   1.6300883059652820        7.2204536199569702E-003  0.30563589930534363     
   343.15772294998169        349.27560567855835        239.70723867416382     
   0.0000000000000000        0.0000000000000000        0.0000000000000000     
          34 m=   6.9935363417794772E-007 r=   1.0000000000000000      d=   3.0000000000000000     
   1.7049040166625458        6.0256272554397583E-005  0.36041960120201111     
   59.984804391860962        304.10619735717773        332.79838800430298     
   0.0000000000000000        0.0000000000000000        0.0000000000000000     
          35 m=   6.6973483841420904E-007 r=   1.0000000000000000      d=   3.0000000000000000     
   1.8272423698607339        1.7481413483619690E-003  0.41039040684700012     
   1.8310161866247654        88.675750494003296        217.23410367965698     
   0.0000000000000000        0.0000000000000000        0.0000000000000000     
          36 m=   6.9761770307537985E-007 r=   1.0000000000000000      d=   3.0000000000000000     
   1.9449742066595717        2.2163952887058256E-003   3.7018824368715286E-003
   179.25747871398926        44.020800590515137        32.335936725139618     
   0.0000000000000000        0.0000000000000000        0.0000000000000000     
          37 m=   3.7471696736848042E-007 r=   1.0000000000000000      d=   3.0000000000000000     
   2.0681864126919383        1.1512502431869506E-002  0.28331634402275085     
   65.322861671447754        296.77968978881836        147.59224176406860     
   0.0000000000000000        0.0000000000000000        0.0000000000000000     
          38 m=   9.0696503903559421E-007 r=   1.0000000000000000      d=   3.0000000000000000     
   2.1346953508684980        8.1070281565189363E-004   7.9431608319282532E-002
   179.28017020225525        339.67681646347046        199.05295372009277     
   0.0000000000000000        0.0000000000000000        0.0000000000000000     
          39 m=   4.3742942555544964E-007 r=   1.0000000000000000      d=   3.0000000000000000     
   2.2961024308881872        2.3393936455249789E-003   9.3591757118701935E-002
   17.754440009593964        59.203037023544312        100.21446347236633     
   0.0000000000000000        0.0000000000000000        0.0000000000000000     
          40 m=   4.7337804664437462E-007 r=   1.0000000000000000      d=   3.0000000000000000     
   2.3744533249982971        1.6905109584331513E-003  0.26552769541740417     
   340.17308950424194        42.682702839374542        256.90303087234497     
   0.0000000000000000        0.0000000000000000        0.0000000000000000     
          41 m=   8.3817163722546535E-007 r=   1.0000000000000000      d=   3.0000000000000000     
   2.4595093671514010        4.5626503229141240E-003  0.47842776775360107     
   195.06169795989990        203.19902658462524        235.93830585479736     
   0.0000000000000000        0.0000000000000000        0.0000000000000000     
          42 m=   7.7996868937583844E-007 r=   1.0000000000000000      d=   3.0000000000000000     
   2.6106243730458325        9.9783074855804444E-003  0.47757357358932495     
   134.34668898582458        276.98945045471191        87.855836749076843     
   0.0000000000000000        0.0000000000000000        0.0000000000000000     
          43 m=   3.3731018774480066E-006 r=   1.0000000000000000      d=   1.5000000000000000     
   2.7000000000000002        1.4459978342056274E-002  0.13610473275184631     
   270.44554710388184        335.32987833023071        183.65928411483765     
   0.0000000000000000        0.0000000000000000        0.0000000000000000     
          44 m=   1.9492604743645542E-006 r=   1.0000000000000000      d=   1.5000000000000000     
   3.0070095213668151        1.2009127140045166E-002  0.32423868775367737     
   295.94799041748047        33.236075341701508        32.125640809535980     
   0.0000000000000000        0.0000000000000000        0.0000000000000000     
          45 m=   3.1351369723257334E-006 r=   1.0000000000000000      d=   1.5000000000000000     
   3.1866174748798879        1.7264014482498171E-002  0.43872138857841492     
   234.73931550979614        232.78922080993652        49.021822214126587     
   0.0000000000000000        0.0000000000000000        0.0000000000000000     
          46 m=   2.1525711610443424E-006 r=   1.0000000000000000      d=   1.5000000000000000     
   3.4775768244909875        1.0431443452835084E-002   5.9800058603286743E-002
   313.66795063018799        12.396110594272614        64.923711419105530     
   0.0000000000000000        0.0000000000000000        0.0000000000000000     
          47 m=   2.8537519084534334E-006 r=   1.0000000000000000      d=   1.5000000000000000     
   3.6796868220108618        1.2450332641601563E-002  0.14545367658138275     
   177.79974102973938        268.99015903472900        240.61032772064209     
   0.0000000000000000        0.0000000000000000        0.0000000000000000     
          48 m=   5.4980730594274998E-006 r=   1.0000000000000000      d=   1.5000000000000000     
   3.9498072967974864        1.8517315387725830E-002  0.26504158973693848     
   213.14914226531982        26.480725407600403        64.731118083000183     
   0.0000000000000000        0.0000000000000000        0.0000000000000000     
          49 m=   7.0238338844744207E-006 r=   1.0000000000000000      d=   1.5000000000000000     
   4.4758781848347740        6.6922152042388919E-003   3.3526439219713211E-002
   351.97560310363770        235.85022211074829        106.10907912254333     
   0.0000000000000000        0.0000000000000000        0.0000000000000000     
