)O+_06 Big-body initial data  (WARNING: Do not delete  this line!!)
) Lines beginning with `)` are ignored.
)--------------------------------------------------
style (Cartesian, Asteroidal, Cometary) = Asteroidal
epoch (in days) = 0.
)--------------------------------------------------
           1 m=   6.9105157431159341E-008 r=   1.0000000000000000      d=   3.0000000000000000     
  0.50000000000000000        5.0671643018722536E-003   4.6734265983104706E-002
   219.05888557434082        325.23131847381592        70.514357686042786     
   0.0000000000000000        0.0000000000000000        0.0000000000000000     
           2 m=   8.6765484590104870E-008 r=   1.0000000000000000      d=   3.0000000000000000     
  0.51151979970817463        1.8780428171157836E-002   6.3607878983020782E-002
   149.73520874977112        192.14605093002319        38.680592179298401     
   0.0000000000000000        0.0000000000000000        0.0000000000000000     
           3 m=   8.4593296538152454E-008 r=   1.0000000000000000      d=   3.0000000000000000     
  0.52599023460238326        1.3007420301437379E-002   1.3535903766751289E-002
   27.710933983325958        24.834956824779510        306.70049428939819     
   0.0000000000000000        0.0000000000000000        0.0000000000000000     
           4 m=   1.1127366478897279E-007 r=   1.0000000000000000      d=   3.0000000000000000     
  0.54010656821514447        1.1461935043334962E-002  0.45113909244537354     
   319.56353187561035        133.98362517356873        125.10562062263489     
   0.0000000000000000        0.0000000000000000        0.0000000000000000     
           5 m=   7.4092463423857469E-008 r=   1.0000000000000000      d=   3.0000000000000000     
  0.55868562155942869        1.1382621526718140E-002  0.18233835697174072     
   141.27059698104858        132.01440095901489        155.57349801063538     
   0.0000000000000000        0.0000000000000000        0.0000000000000000     
           6 m=   7.1443267984464058E-008 r=   1.0000000000000000      d=   3.0000000000000000     
  0.57106583053597681        1.2537828683853150E-002  0.37472683191299438     
   122.77483463287354        298.94137859344482        93.816493749618530     
   0.0000000000000000        0.0000000000000000        0.0000000000000000     
           7 m=   1.6377139195275116E-007 r=   1.0000000000000000      d=   3.0000000000000000     
  0.58300929493657339        4.9252262711524967E-003  0.32283243536949158     
   329.63142871856689        133.36788654327393        126.81993842124939     
   0.0000000000000000        0.0000000000000000        0.0000000000000000     
           8 m=   1.7476390904868142E-007 r=   1.0000000000000000      d=   3.0000000000000000     
  0.61040071366193738        8.1433612108230587E-003   6.0253277420997620E-002
   114.56297278404236        305.33881187438965        348.20561885833740     
   0.0000000000000000        0.0000000000000000        0.0000000000000000     
           9 m=   1.3371225349201382E-007 r=   1.0000000000000000      d=   3.0000000000000000     
  0.63966271828523513        1.5232670307159425E-002   4.2731046676635742E-002
   348.44482898712158        93.422863483428955        329.43867444992065     
   0.0000000000000000        0.0000000000000000        0.0000000000000000     
          10 m=   1.3830361779158493E-007 r=   1.0000000000000000      d=   3.0000000000000000     
  0.66207736331655354        1.5082002878189088E-002  0.24091763794422150     
   49.263381958007812        289.64218139648438        159.81030464172363     
   0.0000000000000000        0.0000000000000000        0.0000000000000000     
          11 m=   1.5283638349369495E-007 r=   1.0000000000000000      d=   3.0000000000000000     
  0.68528247058556846        8.4420722723007203E-003  0.11378174275159836     
   112.03714728355408        203.69497776031494        168.24217200279236     
   0.0000000000000000        0.0000000000000000        0.0000000000000000     
          12 m=   1.9012682565626931E-007 r=   1.0000000000000000      d=   3.0000000000000000     
  0.71094975401351723        8.1015819311141962E-003  0.34282869100570679     
   355.35256862640381        171.15128517150879        281.91992998123169     
   0.0000000000000000        0.0000000000000000        0.0000000000000000     
          13 m=   1.3343858993129600E-007 r=   1.0000000000000000      d=   3.0000000000000000     
  0.74291237885775807        9.4279611110687257E-003  0.39233252406120300     
   27.481672167778015        357.26030588150024        140.82474946975708     
   0.0000000000000000        0.0000000000000000        0.0000000000000000     
          14 m=   2.4205824531778132E-007 r=   1.0000000000000000      d=   3.0000000000000000     
  0.76537372247340019        1.3935467004776001E-002  0.15704238414764404     
   102.27926015853882        96.558408737182617        281.59214258193970     
   0.0000000000000000        0.0000000000000000        0.0000000000000000     
          15 m=   1.8747282565291097E-007 r=   1.0000000000000000      d=   3.0000000000000000     
  0.80615533199213096        3.4190979599952698E-003  0.27202430367469788     
   134.46190595626831        157.12568163871765        47.468211650848389     
   0.0000000000000000        0.0000000000000000        0.0000000000000000     
          16 m=   1.6735413336073779E-007 r=   1.0000000000000000      d=   3.0000000000000000     
  0.83779203777240774        1.6275595426559448E-002  0.42309722304344177     
   89.000684022903442        305.60074567794800        44.999935626983643     
   0.0000000000000000        0.0000000000000000        0.0000000000000000     
          17 m=   2.3934202060377021E-007 r=   1.0000000000000000      d=   3.0000000000000000     
  0.86606940418456857        1.1418168544769288E-002  0.28829839825630188     
   207.25218772888184        133.64879965782166        68.522270321846008     
   0.0000000000000000        0.0000000000000000        0.0000000000000000     
          18 m=   1.6609066891665550E-007 r=   1.0000000000000000      d=   3.0000000000000000     
  0.90655613382224287        1.4023754000663758E-003   8.2926757633686066E-002
   167.10474371910095        9.0460670739412308        36.314650475978851     
   0.0000000000000000        0.0000000000000000        0.0000000000000000     
          19 m=   2.0980681795254656E-007 r=   1.0000000000000000      d=   3.0000000000000000     
  0.93469731388888266        1.5023064613342286E-002  0.26790222525596619     
   338.29528570175171        233.47990036010742        124.22528743743896     
   0.0000000000000000        0.0000000000000000        0.0000000000000000     
          20 m=   2.4661979845303851E-007 r=   1.0000000000000000      d=   3.0000000000000000     
  0.97028547355386197        1.9208775758743288E-002  0.37552747130393982     
   158.70277762413025        213.19896697998047        211.66066646575928     
   0.0000000000000000        0.0000000000000000        0.0000000000000000     
          21 m=   2.7696267472777492E-007 r=   1.0000000000000000      d=   3.0000000000000000     
   1.0121775706475733        1.6055600643157961E-002   7.6248332858085632E-002
   96.802779436111450        257.60197162628174        122.44035243988037     
   0.0000000000000000        0.0000000000000000        0.0000000000000000     
          22 m=   3.3984685368065549E-007 r=   1.0000000000000000      d=   3.0000000000000000     
   1.0593027643018575        3.2861045002937316E-003  0.40748792886734009     
   183.50401639938354        168.49302291870117        112.82671451568604     
   0.0000000000000000        0.0000000000000000        0.0000000000000000     
          23 m=   2.3184004927105497E-007 r=   1.0000000000000000      d=   3.0000000000000000     
   1.1172368030166122        1.8067390918731691E-002  0.21859066188335419     
   83.721560239791870        305.39940834045410        267.07997560501099     
   0.0000000000000000        0.0000000000000000        0.0000000000000000     
          24 m=   1.8976490092952743E-007 r=   1.0000000000000000      d=   3.0000000000000000     
   1.1568505049443896        1.8972320556640627E-002  0.46593719720840454     
   69.145921468734741        7.9520825296640396        308.35309982299805     
   0.0000000000000000        0.0000000000000000        0.0000000000000000     
          25 m=   3.9933602003620954E-007 r=   1.0000000000000000      d=   3.0000000000000000     
   1.1893263916403274        7.3920464515686039E-003  0.43154737353324890     
   18.495181649923325        150.13263702392578        250.25600194931030     
   0.0000000000000000        0.0000000000000000        0.0000000000000000     
          26 m=   3.6813695755890377E-007 r=   1.0000000000000000      d=   3.0000000000000000     
   1.2577565868120053        7.8646564483642583E-003   2.3218775168061256E-002
   54.191388487815857        4.4920536875724792        172.53851294517517     
   0.0000000000000000        0.0000000000000000        0.0000000000000000     
          27 m=   5.3718498450120842E-007 r=   1.0000000000000000      d=   3.0000000000000000     
   1.3210134229600801        8.2856899499893187E-003  0.19199323654174805     
   164.23681855201721        295.56400537490845        328.91042947769165     
   0.0000000000000000        0.0000000000000000        0.0000000000000000     
          28 m=   3.8595882198567250E-007 r=   1.0000000000000000      d=   3.0000000000000000     
   1.4135515693803506        4.3070632219314575E-003  0.13163448870182037     
   107.10682868957520        235.48923969268799        229.10264253616333     
   0.0000000000000000        0.0000000000000000        0.0000000000000000     
          29 m=   3.3901231153148494E-007 r=   1.0000000000000000      d=   3.0000000000000000     
   1.4802853079876903        1.5663312673568727E-002  0.20580753684043884     
   342.21781253814697        305.62906980514526        309.87813949584961     
   0.0000000000000000        0.0000000000000000        0.0000000000000000     
          30 m=   3.5119546162729160E-007 r=   1.0000000000000000      d=   3.0000000000000000     
   1.5390584945302139        6.3828819990158084E-003  0.36401948332786560     
   189.47675943374634        171.53939008712769        258.39172124862671     
   0.0000000000000000        0.0000000000000000        0.0000000000000000     
          31 m=   5.1876024502148648E-007 r=   1.0000000000000000      d=   3.0000000000000000     
   1.6000871296647272        1.9826591014862061E-002  0.28999796509742737     
   101.36109709739685        118.48599314689636        95.069203376770020     
   0.0000000000000000        0.0000000000000000        0.0000000000000000     
          32 m=   6.5898556062036607E-007 r=   1.0000000000000000      d=   3.0000000000000000     
   1.6904544959180210        8.0681398510932926E-004  0.22909080982208252     
   222.48028993606567        261.37274980545044        178.87743115425110     
   0.0000000000000000        0.0000000000000000        0.0000000000000000     
          33 m=   5.9239990803089512E-007 r=   1.0000000000000000      d=   3.0000000000000000     
   1.8056646291559855        8.3100527524948113E-003  0.33708578348159790     
   127.51507043838501        334.18335199356079        73.004482984542847     
   0.0000000000000000        0.0000000000000000        0.0000000000000000     
          34 m=   3.3572566038545291E-007 r=   1.0000000000000000      d=   3.0000000000000000     
   1.9097120136785637        3.3752414584159850E-003   1.8357159569859505E-002
   350.41316270828247        302.42842197418213        269.52941179275513     
   0.0000000000000000        0.0000000000000000        0.0000000000000000     
          35 m=   3.8992258438454723E-007 r=   1.0000000000000000      d=   3.0000000000000000     
   1.9689238064061241        1.7830636501312256E-002  0.31854793429374695     
   20.601402372121811        10.835359320044518        300.87621688842773     
   0.0000000000000000        0.0000000000000000        0.0000000000000000     
          36 m=   3.9736275258313193E-007 r=   1.0000000000000000      d=   3.0000000000000000     
   2.0378573616780855        3.6258786916732789E-003   3.6788452416658401E-002
   23.634636104106903        247.13382482528687        179.69414234161377     
   0.0000000000000000        0.0000000000000000        0.0000000000000000     
          37 m=   4.1049010088889603E-007 r=   1.0000000000000000      d=   3.0000000000000000     
   2.1083002154199915        1.3469934463500977E-002  0.39059507846832275     
   143.94549965858459        141.26680970191956        226.55538082122803     
   0.0000000000000000        0.0000000000000000        0.0000000000000000     
          38 m=   4.4451424685544239E-007 r=   1.0000000000000000      d=   3.0000000000000000     
   2.1812755663713976        1.2176985740661622E-002   9.7676888108253479E-002
   14.089162498712540        6.2493223696947098        96.473994255065918     
   0.0000000000000000        0.0000000000000000        0.0000000000000000     
          39 m=   1.1576780111095289E-006 r=   1.0000000000000000      d=   3.0000000000000000     
   2.2605306083559054        1.1903078556060792E-002   8.9237965643405914E-002
   306.30243301391602        204.62598323822021        287.13397264480591     
   0.0000000000000000        0.0000000000000000        0.0000000000000000     
          40 m=   6.3195140225722341E-007 r=   1.0000000000000000      d=   3.0000000000000000     
   2.4675951813065313        6.0236084461212161E-003  0.30862152576446533     
   61.242502927780151        252.54903316497803        21.482841968536377     
   0.0000000000000000        0.0000000000000000        0.0000000000000000     
          41 m=   1.0022179488105489E-006 r=   1.0000000000000000      d=   3.0000000000000000     
   2.5815673411597060        9.1123473644256596E-003  0.39569810032844543     
   219.04577493667603        56.353291869163513        28.957694470882416     
   0.0000000000000000        0.0000000000000000        0.0000000000000000     
          42 m=   1.8790529536430656E-006 r=   1.0000000000000000      d=   1.5000000000000000     
   2.7000000000000002        2.4797123670578002E-003  0.38043916225433350     
   248.84453773498535        231.44736528396606        169.71791267395020     
   0.0000000000000000        0.0000000000000000        0.0000000000000000     
          43 m=   3.7145993492721115E-006 r=   1.0000000000000000      d=   1.5000000000000000     
   2.8710257113127322        9.8443567752838136E-004  0.47253277897834778     
   2.8655483946204185        313.86660575866699        67.859625220298767     
   0.0000000000000000        0.0000000000000000        0.0000000000000000     
          44 m=   3.8359251738200758E-006 r=   1.0000000000000000      d=   1.5000000000000000     
   3.2114381222646786        1.6093214750289919E-002  0.30845886468887329     
   187.26397991180420        125.73490977287292        129.05590295791626     
   0.0000000000000000        0.0000000000000000        0.0000000000000000     
          45 m=   2.4717909855293422E-006 r=   1.0000000000000000      d=   1.5000000000000000     
   3.5677884014180408        1.9413782358169557E-002  0.46516188979148865     
   190.60382366180420        333.46205234527588        174.01305198669434     
   0.0000000000000000        0.0000000000000000        0.0000000000000000     
          46 m=   3.9768984460420337E-006 r=   1.0000000000000000      d=   1.5000000000000000     
   3.8007096764784891        1.5656440258026122E-002  0.34441968798637390     
   5.6575050204992294        139.57246899604797        302.41132020950317     
   0.0000000000000000        0.0000000000000000        0.0000000000000000     
          47 m=   6.9730253976852265E-006 r=   1.0000000000000000      d=   1.5000000000000000     
   4.1789677207578260        1.0902801752090454E-002  0.41526478528976440     
   207.62147426605225        95.376777648925781        249.94915723800659     
   0.0000000000000000        0.0000000000000000        0.0000000000000000     
          48 m=   4.5355753637708397E-006 r=   1.0000000000000000      d=   1.5000000000000000     
   4.8523100764970586        1.1952300071716309E-002  0.14073130488395691     
   208.94612073898315        296.68568372726440        79.363791346549988     
   0.0000000000000000        0.0000000000000000        0.0000000000000000     
