)O+_06 Big-body initial data  (WARNING: Do not delete  this line!!)
) Lines beginning with `)` are ignored.
)--------------------------------------------------
style (Cartesian, Asteroidal, Cometary) = Asteroidal
epoch (in days) = 0.
)--------------------------------------------------
           1 m=   8.6181194017974726E-008 r=   1.0000000000000000      d=   3.0000000000000000     
  0.50000000000000000        9.6145343780517575E-003  0.41156584024429321     
   61.217692494392395        181.73774957656860        349.36218738555908     
   0.0000000000000000        0.0000000000000000        0.0000000000000000     
           2 m=   8.2556355146837746E-008 r=   1.0000000000000000      d=   3.0000000000000000     
  0.51436636758533394        5.0671738386154179E-003  0.46294137835502625     
   63.293464779853821        51.504678726196289        254.40608739852905     
   0.0000000000000000        0.0000000000000000        0.0000000000000000     
           3 m=   5.6102020423361686E-008 r=   1.0000000000000000      d=   3.0000000000000000     
  0.52813638683947817        9.8529100418090817E-003  0.19337733089923859     
   146.22489452362061        145.87510228157043        80.405502319335938     
   0.0000000000000000        0.0000000000000000        0.0000000000000000     
           4 m=   9.7568257256009617E-008 r=   1.0000000000000000      d=   3.0000000000000000     
  0.53749910065017525        2.7935156226158143E-003  0.45848536491394043     
   329.82349634170532        167.80325531959534        60.629650354385376     
   0.0000000000000000        0.0000000000000000        0.0000000000000000     
           5 m=   9.4620102021735192E-008 r=   1.0000000000000000      d=   3.0000000000000000     
  0.55378810132800826        1.4102705717086793E-002  0.16906176507472992     
   110.43712377548218        309.34272766113281        227.71667003631592     
   0.0000000000000000        0.0000000000000000        0.0000000000000000     
           6 m=   1.5436815216104367E-007 r=   1.0000000000000000      d=   3.0000000000000000     
  0.56959520401159314        1.9308358430862427E-002  0.12037774175405502     
   146.48666739463806        293.03663492202759        217.40808248519897     
   0.0000000000000000        0.0000000000000000        0.0000000000000000     
           7 m=   1.1219083227806072E-007 r=   1.0000000000000000      d=   3.0000000000000000     
  0.59540004371047472        1.0719617605209350E-002  0.39543604850769043     
   18.575847744941711        228.82566690444946        250.83329916000366     
   0.0000000000000000        0.0000000000000000        0.0000000000000000     
           8 m=   9.3481167042277901E-008 r=   1.0000000000000000      d=   3.0000000000000000     
  0.61417371051826086        1.3479716777801513E-002  0.23068475723266602     
   117.03719258308411        73.453468680381775        58.169576525688171     
   0.0000000000000000        0.0000000000000000        0.0000000000000000     
           9 m=   1.2999823643353593E-007 r=   1.0000000000000000      d=   3.0000000000000000     
  0.62982831118178939        1.1169754266738892E-002  0.22032660245895386     
   245.04202365875244        31.055506467819214        140.80072760581970     
   0.0000000000000000        0.0000000000000000        0.0000000000000000     
          10 m=   1.3941284942026936E-007 r=   1.0000000000000000      d=   3.0000000000000000     
  0.65161179196675689        5.7219904661178593E-003  0.29662701487541199     
   239.90746021270752        103.80010485649109        223.19631099700928     
   0.0000000000000000        0.0000000000000000        0.0000000000000000     
          11 m=   1.7013048919505933E-007 r=   1.0000000000000000      d=   3.0000000000000000     
  0.67499322029002362        1.6306004524230956E-002  0.33492606878280640     
   121.96161031723022        352.06602573394775        164.33023452758789     
   0.0000000000000000        0.0000000000000000        0.0000000000000000     
          12 m=   1.1476896851561646E-007 r=   1.0000000000000000      d=   3.0000000000000000     
  0.70355311235984674        1.7218973636627197E-002  0.26306015253067017     
   172.75489211082458        118.42889428138733        311.90747737884521     
   0.0000000000000000        0.0000000000000000        0.0000000000000000     
          13 m=   1.5058722632418341E-007 r=   1.0000000000000000      d=   3.0000000000000000     
  0.72284146003572369        1.3577122688293457E-002  0.24670574069023132     
   70.354315638542175        77.401733994483948        265.52311420440674     
   0.0000000000000000        0.0000000000000000        0.0000000000000000     
          14 m=   1.1784299965483794E-007 r=   1.0000000000000000      d=   3.0000000000000000     
  0.74816904344274981        1.9139213562011721E-002  0.42516788840293884     
   225.94074726104736        185.21487951278687        226.22416019439697     
   0.0000000000000000        0.0000000000000000        0.0000000000000000     
          15 m=   1.3099666017263643E-007 r=   1.0000000000000000      d=   3.0000000000000000     
  0.76800939640953936        3.7649682164192203E-003  0.19375184178352356     
   226.97803258895874        8.4143089503049850        170.60716152191162     
   0.0000000000000000        0.0000000000000000        0.0000000000000000     
          16 m=   1.3105201587022905E-007 r=   1.0000000000000000      d=   3.0000000000000000     
  0.79008184382295954        1.6044716536998749E-003  0.44684374332427979     
   77.398424148559570        51.470507383346558        173.88621568679810     
   0.0000000000000000        0.0000000000000000        0.0000000000000000     
          17 m=   2.4855644307042794E-007 r=   1.0000000000000000      d=   3.0000000000000000     
  0.81218312302582063        3.6982517689466477E-004   6.1839539557695389E-002
   141.23258471488953        307.90454864501953        267.99186229705811     
   0.0000000000000000        0.0000000000000000        0.0000000000000000     
          18 m=   2.7687531003352653E-007 r=   1.0000000000000000      d=   3.0000000000000000     
  0.85413802098771130        6.8790334463119506E-003  0.44520157575607300     
   207.26667165756226        231.23448371887207        305.67528963088989     
   0.0000000000000000        0.0000000000000000        0.0000000000000000     
          19 m=   2.9342653776583228E-007 r=   1.0000000000000000      d=   3.0000000000000000     
  0.90095147707708689        1.4477496147155763E-002  0.46124723553657532     
   236.01201295852661        72.899388670921326        346.31341695785522     
   0.0000000000000000        0.0000000000000000        0.0000000000000000     
          20 m=   1.5156502506051413E-007 r=   1.0000000000000000      d=   3.0000000000000000     
  0.95065636482408689        8.7902766466140744E-003   6.2308914959430695E-002
   39.403136372566223        359.62489843368530        353.66417169570923     
   0.0000000000000000        0.0000000000000000        0.0000000000000000     
          21 m=   2.6000525858893270E-007 r=   1.0000000000000000      d=   3.0000000000000000     
  0.97638176658830489        1.4926584959030152E-002  0.31118249893188477     
   207.18184947967529        297.39490270614624        68.658188581466675     
   0.0000000000000000        0.0000000000000000        0.0000000000000000     
          22 m=   2.6266638284938835E-007 r=   1.0000000000000000      d=   3.0000000000000000     
   1.0205583574508748        1.7732187509536743E-002   4.7991663217544556E-002
   155.06361007690430        131.52087450027466        68.565620183944702     
   0.0000000000000000        0.0000000000000000        0.0000000000000000     
          23 m=   3.6063843024114748E-007 r=   1.0000000000000000      d=   3.0000000000000000     
   1.0652660222278363        1.3764667510986329E-002  0.38534060120582581     
   76.002742052078247        212.08928346633911        39.082228839397430     
   0.0000000000000000        0.0000000000000000        0.0000000000000000     
          24 m=   2.2410115656940748E-007 r=   1.0000000000000000      d=   3.0000000000000000     
   1.1267590883517593        1.4214365482330323E-002   9.2690363526344299E-002
   49.804775118827820        341.50318622589111        238.66954565048218     
   0.0000000000000000        0.0000000000000000        0.0000000000000000     
          25 m=   2.9635190955999256E-007 r=   1.0000000000000000      d=   3.0000000000000000     
   1.1650650602686916        1.3981883525848390E-002  0.24876613914966583     
   215.02458572387695        208.92253875732422        165.73957443237305     
   0.0000000000000000        0.0000000000000000        0.0000000000000000     
          26 m=   4.7737089811063475E-007 r=   1.0000000000000000      d=   3.0000000000000000     
   1.2157986463022015        1.5861023664474488E-002  0.29942309856414795     
   290.29649019241333        72.545154690742493        259.30375814437866     
   0.0000000000000000        0.0000000000000000        0.0000000000000000     
          27 m=   2.0309112790586996E-007 r=   1.0000000000000000      d=   3.0000000000000000     
   1.2976875587251340        9.7678101062774660E-003  0.32278469204902649     
   179.49136734008789        268.14648628234863        138.39878797531128     
   0.0000000000000000        0.0000000000000000        0.0000000000000000     
          28 m=   4.4275902721539655E-007 r=   1.0000000000000000      d=   3.0000000000000000     
   1.3326404150047320        2.7107107639312744E-003   7.9613283276557922E-002
   249.15736913681030        299.97452259063721        214.34010744094849     
   0.0000000000000000        0.0000000000000000        0.0000000000000000     
          29 m=   2.3261466108037004E-007 r=   1.0000000000000000      d=   3.0000000000000000     
   1.4089477590201336        1.5794450044631959E-002   2.9936386272311211E-002
   273.25422763824463        235.15057325363159        69.086376428604126     
   0.0000000000000000        0.0000000000000000        0.0000000000000000     
          30 m=   2.5104368907627981E-007 r=   1.0000000000000000      d=   3.0000000000000000     
   1.4491603068999617        1.3990581035614014E-002  0.41244545578956604     
   52.550997734069824        157.74959564208984        179.21038985252380     
   0.0000000000000000        0.0000000000000000        0.0000000000000000     
          31 m=   4.9648387259988872E-007 r=   1.0000000000000000      d=   3.0000000000000000     
   1.4926285792104956        7.7550792694091797E-003  0.30751752853393555     
   308.71386766433716        260.67445278167725        83.518704771995544     
   0.0000000000000000        0.0000000000000000        0.0000000000000000     
          32 m=   4.5041839704713674E-007 r=   1.0000000000000000      d=   3.0000000000000000     
   1.5787444778371529        1.2682173252105713E-002  0.17106859385967255     
   307.76580333709717        357.31431484222412        55.531275272369385     
   0.0000000000000000        0.0000000000000000        0.0000000000000000     
          33 m=   4.4493605547464211E-007 r=   1.0000000000000000      d=   3.0000000000000000     
   1.6571398270710000        2.5768584012985231E-003  0.14283220469951630     
   331.01999759674072        87.104437351226807        173.96996498107910     
   0.0000000000000000        0.0000000000000000        0.0000000000000000     
          34 m=   5.7884829712350676E-007 r=   1.0000000000000000      d=   3.0000000000000000     
   1.7348241966048665        1.8738423585891725E-002  0.16837635636329651     
   191.07057094573975        142.04486489295959        20.350539386272430     
   0.0000000000000000        0.0000000000000000        0.0000000000000000     
          35 m=   7.7777021254360747E-007 r=   1.0000000000000000      d=   3.0000000000000000     
   1.8362037376704339        1.0245597362518312E-003  0.25081333518028259     
   71.244363784790039        173.26281666755676        168.02802443504333     
   0.0000000000000000        0.0000000000000000        0.0000000000000000     
          36 m=   4.6174667144686383E-007 r=   1.0000000000000000      d=   3.0000000000000000     
   1.9729759935752513        2.7807775139808656E-003  0.13165137171745300     
   122.19820261001587        357.03354120254517        128.22832345962524     
   0.0000000000000000        0.0000000000000000        0.0000000000000000     
          37 m=   6.6155765728333832E-007 r=   1.0000000000000000      d=   3.0000000000000000     
   2.0546204035417595        4.6542072296142578E-003  0.14633010327816010     
   159.38616156578064        235.89933872222900        313.40721845626831     
   0.0000000000000000        0.0000000000000000        0.0000000000000000     
          38 m=   6.1066844303083678E-007 r=   1.0000000000000000      d=   3.0000000000000000     
   2.1719773201789287        5.9541463851928711E-003  0.43182778358459473     
   301.90794467926025        154.40305709838867        285.82709312438965     
   0.0000000000000000        0.0000000000000000        0.0000000000000000     
          39 m=   8.6373436766831316E-007 r=   1.0000000000000000      d=   3.0000000000000000     
   2.2808164764352439        1.7735006809234618E-002  0.33950239419937134     
   208.98154735565186        230.94540596008301        321.97728395462036     
   0.0000000000000000        0.0000000000000000        0.0000000000000000     
          40 m=   1.2069688478224864E-006 r=   1.0000000000000000      d=   3.0000000000000000     
   2.4354311182254418        1.5022413432598115E-003  0.48629537224769592     
   142.52260923385620        320.89980840682983        253.52557182312012     
   0.0000000000000000        0.0000000000000000        0.0000000000000000     
          41 m=   1.0994943882273377E-006 r=   1.0000000000000000      d=   3.0000000000000000     
   2.6528275495663722        3.8954019546508789E-003  0.34048724174499512     
   174.25332427024841        98.080315589904785        343.48952293395996     
   0.0000000000000000        0.0000000000000000        0.0000000000000000     
          42 m=   1.6082552927460964E-006 r=   1.0000000000000000      d=   1.5000000000000000     
   2.7000000000000002        9.6128188073635107E-004  0.19709794223308563     
   283.35830211639404        34.433668255805969        94.677686691284180     
   0.0000000000000000        0.0000000000000000        0.0000000000000000     
          43 m=   4.2481126889865845E-006 r=   1.0000000000000000      d=   1.5000000000000000     
   2.8463785280138598        9.3689830973744395E-005  0.15266023576259613     
   107.94948220252991        274.87501144409180        319.85782384872437     
   0.0000000000000000        0.0000000000000000        0.0000000000000000     
          44 m=   2.7874289251512724E-006 r=   1.0000000000000000      d=   1.5000000000000000     
   3.2352994175542795        1.9352655410766601E-002  0.39553317427635193     
   65.437687039375305        22.525312006473541        266.32161855697632     
   0.0000000000000000        0.0000000000000000        0.0000000000000000     
          45 m=   5.8041514392659963E-006 r=   1.0000000000000000      d=   1.5000000000000000     
   3.4944936252453913        5.9851032495498654E-003  0.11927333474159241     
   221.02058887481689        260.69252014160156        72.809786796569824     
   0.0000000000000000        0.0000000000000000        0.0000000000000000     
          46 m=   2.7373985653074908E-006 r=   1.0000000000000000      d=   1.5000000000000000     
   4.0398280194267100        9.8473852872848506E-003  0.24457442760467529     
   114.90844130516052        88.447660803794861        285.03757953643799     
   0.0000000000000000        0.0000000000000000        0.0000000000000000     
          47 m=   3.5279912447407070E-006 r=   1.0000000000000000      d=   1.5000000000000000     
   4.3026947467069583        1.9630352258682253E-002  0.44981500506401062     
   295.30629873275757        12.122261077165604        162.81522631645203     
   0.0000000000000000        0.0000000000000000        0.0000000000000000     
          48 m=   3.3439148312052814E-006 r=   1.0000000000000000      d=   1.5000000000000000     
   4.6450614684106437        5.3651019930839544E-004  0.28904864192008972     
   25.521967113018036        49.813379645347595        193.72984170913696     
   0.0000000000000000        0.0000000000000000        0.0000000000000000     
          49 m=   5.7732706609605448E-006 r=   1.0000000000000000      d=   1.5000000000000000     
   4.9740394049727392        1.0967479944229126E-002  0.26070782542228699     
   231.64981842041016        145.10227203369141        329.32009935379028     
   0.0000000000000000        0.0000000000000000        0.0000000000000000     
