)O+_06 Big-body initial data  (WARNING: Do not delete  this line!!)
) Lines beginning with `)` are ignored.
)--------------------------------------------------
style (Cartesian, Asteroidal, Cometary) = Asteroidal
epoch (in days) = 0.
)--------------------------------------------------
           1 m=   1.0624950428068037E-007 r=   1.0000000000000000      d=   3.0000000000000000     
  0.50000000000000000        1.0268703699111939E-002  0.29122498631477356     
   241.11994743347168        350.19281387329102        81.166675686836243     
   0.0000000000000000        0.0000000000000000        0.0000000000000000     
           2 m=   9.2046079508534664E-008 r=   1.0000000000000000      d=   3.0000000000000000     
  0.51771174618371385        1.2870972156524659E-002   5.2986219525337219E-002
   98.472948074340820        16.317009329795837        185.44685840606689     
   0.0000000000000000        0.0000000000000000        0.0000000000000000     
           3 m=   7.8636328729126453E-008 r=   1.0000000000000000      d=   3.0000000000000000     
  0.53306666227365818        7.6441752910614011E-003  0.31459429860115051     
   349.35866832733154        214.74986314773560        290.38858652114868     
   0.0000000000000000        0.0000000000000000        0.0000000000000000     
           4 m=   1.3232784546539221E-007 r=   1.0000000000000000      d=   3.0000000000000000     
  0.54619265392738248        1.2977567911148071E-002  0.17797605693340302     
   249.36510086059570        329.18300628662109        109.46512341499329     
   0.0000000000000000        0.0000000000000000        0.0000000000000000     
           5 m=   1.4119397404116651E-007 r=   1.0000000000000000      d=   3.0000000000000000     
  0.56829244446973559        8.2804068922996525E-004  0.39969432353973389     
   43.940720558166504        234.59578514099121        208.75077009201050     
   0.0000000000000000        0.0000000000000000        0.0000000000000000     
           6 m=   1.0495139357160438E-007 r=   1.0000000000000000      d=   3.0000000000000000     
  0.59189380237277633        1.9901106357574465E-002  0.21606464684009552     
   108.76229882240295        246.05283021926880        76.304356455802917     
   0.0000000000000000        0.0000000000000000        0.0000000000000000     
           7 m=   1.7368359527453878E-007 r=   1.0000000000000000      d=   3.0000000000000000     
  0.60945358097726654        1.8015621900558471E-002   1.1828198097646236E-002
   43.063260018825531        290.23336172103882        326.10728502273560     
   0.0000000000000000        0.0000000000000000        0.0000000000000000     
           8 m=   1.3692830703566223E-007 r=   1.0000000000000000      d=   3.0000000000000000     
  0.63853359900607765        1.3567939996719361E-002  0.29680508375167847     
   318.21646213531494        38.647155761718750        205.87969064712524     
   0.0000000000000000        0.0000000000000000        0.0000000000000000     
           9 m=   1.7731901177375172E-007 r=   1.0000000000000000      d=   3.0000000000000000     
  0.66148632547829245        1.6620850563049315E-002   6.9634139537811279E-002
   104.50145959854126        247.15513229370117        181.59145116806030     
   0.0000000000000000        0.0000000000000000        0.0000000000000000     
          10 m=   1.2086164050333319E-007 r=   1.0000000000000000      d=   3.0000000000000000     
  0.69123688065539657        3.7317579984664918E-003   6.5386164933443069E-003
   135.43781161308289        283.95866632461548        153.30224633216858     
   0.0000000000000000        0.0000000000000000        0.0000000000000000     
          11 m=   1.3964689239379418E-007 r=   1.0000000000000000      d=   3.0000000000000000     
  0.71153917300152625        1.4251388311386108E-002  0.13245519995689392     
   93.702929019927979        76.196338534355164        150.14161705970764     
   0.0000000000000000        0.0000000000000000        0.0000000000000000     
          12 m=   1.9125808282884128E-007 r=   1.0000000000000000      d=   3.0000000000000000     
  0.73501606245415319        1.7727383375167848E-002   4.5469414442777634E-002
   2.5408138521015644        214.83571529388428        41.418033242225647     
   0.0000000000000000        0.0000000000000000        0.0000000000000000     
          13 m=   1.2407358892957654E-007 r=   1.0000000000000000      d=   3.0000000000000000     
  0.76719983222021115        1.3091707229614257E-002   9.8075613379478455E-002
   107.90508627891541        195.46495199203491        85.266770124435425     
   0.0000000000000000        0.0000000000000000        0.0000000000000000     
          14 m=   1.2181821569412664E-007 r=   1.0000000000000000      d=   3.0000000000000000     
  0.78810509103916260        1.7675930261611940E-002  0.13650561869144440     
   170.18529295921326        107.17110514640808        293.99755239486694     
   0.0000000000000000        0.0000000000000000        0.0000000000000000     
          15 m=   1.2739785468759868E-007 r=   1.0000000000000000      d=   3.0000000000000000     
  0.80864751081113584        1.0030272006988526E-002  0.32037550210952759     
   162.21855282783508        313.66949558258057        180.33059835433960     
   0.0000000000000000        0.0000000000000000        0.0000000000000000     
          16 m=   1.0700072774730658E-007 r=   1.0000000000000000      d=   3.0000000000000000     
  0.83014849494421594        1.8322844505310059E-002  0.24260610342025757     
   306.26601934432983        77.411625981330872        191.63926362991333     
   0.0000000000000000        0.0000000000000000        0.0000000000000000     
          17 m=   1.1340071393535329E-007 r=   1.0000000000000000      d=   3.0000000000000000     
  0.84822258599419476        6.0316570103168487E-004  0.48315763473510742     
   251.98169231414795        85.859087705612183        49.514758586883545     
   0.0000000000000000        0.0000000000000000        0.0000000000000000     
          18 m=   2.3022091523187963E-007 r=   1.0000000000000000      d=   3.0000000000000000     
  0.86739158796974358        1.1154453754425048E-002  0.18779498338699341     
   53.454467654228210        300.31625747680664        290.22314786911011     
   0.0000000000000000        0.0000000000000000        0.0000000000000000     
          19 m=   2.3966799296602863E-007 r=   1.0000000000000000      d=   3.0000000000000000     
  0.90633746508208934        6.3945060968399053E-003  0.21075391769409180     
   310.35851240158081        329.27327871322632        252.70726203918457     
   0.0000000000000000        0.0000000000000000        0.0000000000000000     
          20 m=   2.2602133684534559E-007 r=   1.0000000000000000      d=   3.0000000000000000     
  0.94694469002562720        1.7862844467163085E-002   4.7311205416917801E-002
   70.915294289588928        216.73392534255981        260.74768781661987     
   0.0000000000000000        0.0000000000000000        0.0000000000000000     
          21 m=   1.3376274363245499E-007 r=   1.0000000000000000      d=   3.0000000000000000     
  0.98530199903933635        6.1623227596282956E-003  0.49426975846290588     
   149.82560992240906        165.04652380943298        322.85923719406128     
   0.0000000000000000        0.0000000000000000        0.0000000000000000     
          22 m=   1.8440673993212812E-007 r=   1.0000000000000000      d=   3.0000000000000000     
   1.0080372731544436        2.0426627993583679E-003  0.24707740545272827     
   305.00510215759277        203.87786149978638        314.75491046905518     
   0.0000000000000000        0.0000000000000000        0.0000000000000000     
          23 m=   2.8477100423683339E-007 r=   1.0000000000000000      d=   3.0000000000000000     
   1.0394088803830428        1.2691441178321839E-003   5.9653162956237793E-002
   207.33271837234497        271.37277603149414        212.31604814529419     
   0.0000000000000000        0.0000000000000000        0.0000000000000000     
          24 m=   2.5084212097669077E-007 r=   1.0000000000000000      d=   3.0000000000000000     
   1.0879154683010379        9.2796474695205685E-003  0.12208966910839081     
   317.30077743530273        312.42834091186523        56.590275764465332     
   0.0000000000000000        0.0000000000000000        0.0000000000000000     
          25 m=   3.9695903649417117E-007 r=   1.0000000000000000      d=   3.0000000000000000     
   1.1307257484157607        2.7122375369071959E-003  0.10199373960494995     
   120.79570770263672        18.127917498350143        255.11642217636108     
   0.0000000000000000        0.0000000000000000        0.0000000000000000     
          26 m=   2.5579590812877556E-007 r=   1.0000000000000000      d=   3.0000000000000000     
   1.1985893631960962        1.0761855840682984E-002  0.40135884284973145     
   101.63071274757385        61.594161987304688        266.10352277755737     
   0.0000000000000000        0.0000000000000000        0.0000000000000000     
          27 m=   2.3034037040144134E-007 r=   1.0000000000000000      d=   3.0000000000000000     
   1.2424387778828834        4.4047006964683536E-003  0.18816217780113220     
   224.50795412063599        268.97840023040771        69.199393987655640     
   0.0000000000000000        0.0000000000000000        0.0000000000000000     
          28 m=   2.3518361215811428E-007 r=   1.0000000000000000      d=   3.0000000000000000     
   1.2819938345423405        1.9968513250350952E-002  0.42104718089103699     
   205.54175376892090        89.406566619873047        255.23555517196655     
   0.0000000000000000        0.0000000000000000        0.0000000000000000     
          29 m=   3.6104367904724598E-007 r=   1.0000000000000000      d=   3.0000000000000000     
   1.3224445444764661        1.4144756793975831E-002  0.48793002963066101     
   183.20006847381592        155.09610772132874        223.80935668945312     
   0.0000000000000000        0.0000000000000000        0.0000000000000000     
          30 m=   5.6793339092694076E-007 r=   1.0000000000000000      d=   3.0000000000000000     
   1.3846432775446615        2.9144212603569031E-003  0.39088016748428345     
   281.66962623596191        292.52362489700317        146.39266133308411     
   0.0000000000000000        0.0000000000000000        0.0000000000000000     
          31 m=   2.6198637079528246E-007 r=   1.0000000000000000      d=   3.0000000000000000     
   1.4827276230497619        1.0501537322998047E-002  0.47956207394599915     
   244.51056003570557        282.15502023696899        100.94841241836548     
   0.0000000000000000        0.0000000000000000        0.0000000000000000     
          32 m=   5.9163898880166094E-007 r=   1.0000000000000000      d=   3.0000000000000000     
   1.5281515726841048        2.2511726617813112E-003   3.4597735852003098E-002
   86.708103418350220        117.60402917861938        27.765651047229767     
   0.0000000000000000        0.0000000000000000        0.0000000000000000     
          33 m=   7.1175747720117193E-007 r=   1.0000000000000000      d=   3.0000000000000000     
   1.6309181933951928        9.8603099584579478E-003  0.25777402520179749     
   260.03636598587036        122.80250430107117        191.98024749755859     
   0.0000000000000000        0.0000000000000000        0.0000000000000000     
          34 m=   5.7746352647212475E-007 r=   1.0000000000000000      d=   3.0000000000000000     
   1.7550584294730458        1.8824069499969481E-002  0.42563518881797791     
   287.96768903732300        112.80261754989624        322.84604072570801     
   0.0000000000000000        0.0000000000000000        0.0000000000000000     
          35 m=   7.5418846159325392E-007 r=   1.0000000000000000      d=   3.0000000000000000     
   1.8562773320159387        1.7354798316955567E-003  0.29313540458679199     
   187.26481676101685        161.12016677856445        158.26896786689758     
   0.0000000000000000        0.0000000000000000        0.0000000000000000     
          36 m=   3.9679879365496047E-007 r=   1.0000000000000000      d=   3.0000000000000000     
   1.9890092291336599        1.7527774572372437E-002  0.10750517994165421     
   55.306693911552429        337.92666435241699        3.9981842413544655     
   0.0000000000000000        0.0000000000000000        0.0000000000000000     
          37 m=   6.7630473073765007E-007 r=   1.0000000000000000      d=   3.0000000000000000     
   2.0592147959919362        8.7782812118530271E-003   8.3090364933013916E-002
   334.33900594711304        213.17761659622192        226.79890394210815     
   0.0000000000000000        0.0000000000000000        0.0000000000000000     
          38 m=   6.3327123571566384E-007 r=   1.0000000000000000      d=   3.0000000000000000     
   2.1792098175493866        3.0827667564153671E-004  0.30169954895973206     
   169.55577850341797        215.21437883377075        135.37433981895447     
   0.0000000000000000        0.0000000000000000        0.0000000000000000     
          39 m=   1.1072755605960425E-006 r=   1.0000000000000000      d=   3.0000000000000000     
   2.2921101164899516        3.8020509481430055E-003  0.15323595702648163     
   186.04700803756714        147.10447669029236        202.87364244461060     
   0.0000000000000000        0.0000000000000000        0.0000000000000000     
          40 m=   1.1095780623360419E-006 r=   1.0000000000000000      d=   3.0000000000000000     
   2.4904099380006852        1.1531504392623902E-002  0.43332612514495850     
   101.96424007415771        75.293952226638794        190.98617792129517     
   0.0000000000000000        0.0000000000000000        0.0000000000000000     
          41 m=   1.3213428314116925E-006 r=   1.0000000000000000      d=   3.0000000000000000     
   2.6907045612884271        1.4674075841903687E-002  0.23246321082115173     
   135.89691996574402        183.31418037414551        139.02382850646973     
   0.0000000000000000        0.0000000000000000        0.0000000000000000     
          42 m=   1.6802517193182408E-006 r=   1.0000000000000000      d=   1.5000000000000000     
   2.7000000000000002        1.0480642318725586E-002  0.38748788833618164     
   290.48072576522827        223.54014873504639        112.36607193946838     
   0.0000000000000000        0.0000000000000000        0.0000000000000000     
          43 m=   3.1861026526207169E-006 r=   1.0000000000000000      d=   1.5000000000000000     
   2.8529314248029594        5.6705182790756222E-003  0.15287229418754578     
   277.07442283630371        206.68780803680420        278.61222982406616     
   0.0000000000000000        0.0000000000000000        0.0000000000000000     
          44 m=   4.7530320104162421E-006 r=   1.0000000000000000      d=   1.5000000000000000     
   3.1447002195343661        2.9469043016433715E-003  0.49746784567832947     
   334.60274219512939        339.42200660705566        166.14282846450806     
   0.0000000000000000        0.0000000000000000        0.0000000000000000     
          45 m=   5.1705961106298052E-006 r=   1.0000000000000000      d=   1.5000000000000000     
   3.5850708626655954        1.9986238479614258E-002  0.27006658911705017     
   304.21902179718018        146.62416815757751        116.31999135017395     
   0.0000000000000000        0.0000000000000000        0.0000000000000000     
          46 m=   5.4195519901951728E-006 r=   1.0000000000000000      d=   1.5000000000000000     
   4.0726423011295596        4.3469768017530443E-004   1.3497014297172427E-003
   237.45422601699829        285.08403539657593        173.25784921646118     
   0.0000000000000000        0.0000000000000000        0.0000000000000000     
          47 m=   7.9780190411979639E-006 r=   1.0000000000000000      d=   1.5000000000000000     
   4.5937542268623099        3.7167412042617798E-003  0.16741220653057098     
   207.52957105636597        17.453548461198807        149.71694827079773     
   0.0000000000000000        0.0000000000000000        0.0000000000000000     
