)O+_06 Big-body initial data  (WARNING: Do not delete  this line!!)
) Lines beginning with `)` are ignored.
)--------------------------------------------------
style (Cartesian, Asteroidal, Cometary) = Asteroidal
epoch (in days) = 0.
)--------------------------------------------------
           1 m=   1.1201425032548122E-007 r=   1.0000000000000000      d=   3.0000000000000000     
  0.50000000000000000        1.3106946945190431E-002   5.0960492342710495E-002
   139.89811062812805        43.149522542953491        104.36303615570068     
   0.0000000000000000        0.0000000000000000        0.0000000000000000     
           2 m=   7.6360598712153421E-008 r=   1.0000000000000000      d=   3.0000000000000000     
  0.51867272684381516        5.5934298038482671E-003  0.11573536694049835     
   227.78527021408081        309.47458505630493        304.87599134445190     
   0.0000000000000000        0.0000000000000000        0.0000000000000000     
           3 m=   1.1168998206430468E-007 r=   1.0000000000000000      d=   3.0000000000000000     
  0.53141151662530084        1.5173782408237457E-003  0.24080412089824677     
   94.023613929748535        211.47248268127441        263.19304704666138     
   0.0000000000000000        0.0000000000000000        0.0000000000000000     
           4 m=   5.8392600306085590E-008 r=   1.0000000000000000      d=   3.0000000000000000     
  0.55005359642199192        1.2249041795730591E-002  0.43953007459640503     
   133.00033807754517        131.23529434204102        12.935069650411606     
   0.0000000000000000        0.0000000000000000        0.0000000000000000     
           5 m=   6.8753559329077736E-008 r=   1.0000000000000000      d=   3.0000000000000000     
  0.55980712594684068        1.6568036079406739E-002  0.29245474934577942     
   247.11155176162720        36.043149232864380        356.86475515365601     
   0.0000000000000000        0.0000000000000000        0.0000000000000000     
           6 m=   1.1051067857425217E-007 r=   1.0000000000000000      d=   3.0000000000000000     
  0.57129576565639628        9.1393041610717783E-003  0.49614557623863220     
   179.39960360527039        323.54646205902100        153.92975449562073     
   0.0000000000000000        0.0000000000000000        0.0000000000000000     
           7 m=   1.2685383811541896E-007 r=   1.0000000000000000      d=   3.0000000000000000     
  0.58977045938477024        2.0036672055721285E-003  0.35723629593849182     
   261.57543897628784        251.42825603485107        176.56853199005127     
   0.0000000000000000        0.0000000000000000        0.0000000000000000     
           8 m=   7.7747504666236904E-008 r=   1.0000000000000000      d=   3.0000000000000000     
  0.61099300872558515        1.8835802078247071E-002  0.29293414950370789     
   349.45357561111450        92.463362216949463        334.27553415298462     
   0.0000000000000000        0.0000000000000000        0.0000000000000000     
           9 m=   8.4924853785568105E-008 r=   1.0000000000000000      d=   3.0000000000000000     
  0.62401115276917185        1.5243962407112122E-003  0.17023774981498718     
   177.48829364776611        126.88482642173767        338.76222610473633     
   0.0000000000000000        0.0000000000000000        0.0000000000000000     
          10 m=   8.0154690404361266E-008 r=   1.0000000000000000      d=   3.0000000000000000     
  0.63823848816431772        1.2241080999374390E-002   6.7555442452430725E-002
   56.611953377723694        136.83038234710693        281.42121076583862     
   0.0000000000000000        0.0000000000000000        0.0000000000000000     
          11 m=   1.5565850482656917E-007 r=   1.0000000000000000      d=   3.0000000000000000     
  0.65167432920292767        3.9500984549522399E-003  0.18464483320713043     
   315.40529251098633        47.949711084365845        213.16993474960327     
   0.0000000000000000        0.0000000000000000        0.0000000000000000     
          12 m=   1.0683003568102917E-007 r=   1.0000000000000000      d=   3.0000000000000000     
  0.67778043988692482        5.7263058423995972E-003  0.29904988408088684     
   240.47894239425659        100.52450537681580        298.19145441055298     
   0.0000000000000000        0.0000000000000000        0.0000000000000000     
          13 m=   2.1078992826826378E-007 r=   1.0000000000000000      d=   3.0000000000000000     
  0.69571605201969111        9.2934048175811763E-003  0.20549848675727844     
   295.73276996612549        193.31557989120483        244.72391366958618     
   0.0000000000000000        0.0000000000000000        0.0000000000000000     
          14 m=   1.7905699673905469E-007 r=   1.0000000000000000      d=   3.0000000000000000     
  0.73113080848089440        3.7739011645317078E-003   2.6278408244252205E-002
   279.13163423538208        309.49205160140991        86.112180948257446     
   0.0000000000000000        0.0000000000000000        0.0000000000000000     
          15 m=   1.7118406296373200E-007 r=   1.0000000000000000      d=   3.0000000000000000     
  0.76125676998674907        1.6984660625457764E-002   7.6180689036846161E-002
   35.192100405693054        152.47061133384705        107.01342344284058     
   0.0000000000000000        0.0000000000000000        0.0000000000000000     
          16 m=   2.6132735627213889E-007 r=   1.0000000000000000      d=   3.0000000000000000     
  0.79009285467654078        1.0779213905334473E-003  0.45232886075973511     
   294.57124471664429        295.41807174682617        223.23401212692261     
   0.0000000000000000        0.0000000000000000        0.0000000000000000     
          17 m=   1.7723336143078690E-007 r=   1.0000000000000000      d=   3.0000000000000000     
  0.83416444998750228        7.5543040037155153E-003  0.17949992418289185     
   52.848851680755615        76.976137161254883        231.45815849304199     
   0.0000000000000000        0.0000000000000000        0.0000000000000000     
          18 m=   1.3141346213154313E-007 r=   1.0000000000000000      d=   3.0000000000000000     
  0.86410673727708509        9.7486257553100596E-003  0.45067855715751648     
   7.9258485138416290        213.04535150527954        276.49386405944824     
   0.0000000000000000        0.0000000000000000        0.0000000000000000     
          19 m=   2.1727361154780181E-007 r=   1.0000000000000000      d=   3.0000000000000000     
  0.88633469215175020        7.8923112154006964E-003   6.7541740834712982E-002
   240.45265674591064        340.43965816497803        53.840126395225525     
   0.0000000000000000        0.0000000000000000        0.0000000000000000     
          20 m=   1.6769859346644763E-007 r=   1.0000000000000000      d=   3.0000000000000000     
  0.92311816854057782        5.8194088935852048E-003  0.41664004325866699     
   180.71355342864990        47.291089296340942        246.45067691802979     
   0.0000000000000000        0.0000000000000000        0.0000000000000000     
          21 m=   2.6250879511172826E-007 r=   1.0000000000000000      d=   3.0000000000000000     
  0.95155061323186307        1.3472775220870972E-002  0.23087641596794128     
   147.92905211448669        72.568983435630798        255.06088972091675     
   0.0000000000000000        0.0000000000000000        0.0000000000000000     
          22 m=   3.3583615574407260E-007 r=   1.0000000000000000      d=   3.0000000000000000     
  0.99610829256489286        1.3018468618392945E-002  0.31373482942581177     
   74.230778217315674        68.444942235946655        280.41136980056763     
   0.0000000000000000        0.0000000000000000        0.0000000000000000     
          23 m=   1.6147258220648244E-007 r=   1.0000000000000000      d=   3.0000000000000000     
   1.0532140900985447        4.5058384537696841E-004   6.7486882209777832E-002
   332.77984857559204        353.12468290328979        189.68350410461426     
   0.0000000000000000        0.0000000000000000        0.0000000000000000     
          24 m=   1.8356453822348041E-007 r=   1.0000000000000000      d=   3.0000000000000000     
   1.0807337822242704        1.4698526859283448E-002  0.36935341358184814     
   266.55565738677979        264.57230329513550        96.695963144302368     
   0.0000000000000000        0.0000000000000000        0.0000000000000000     
          25 m=   2.1559434950424765E-007 r=   1.0000000000000000      d=   3.0000000000000000     
   1.1120530523590841        1.9991471767425537E-002  0.38520210981369019     
   29.192889332771301        101.73869848251343        6.3073003292083740     
   0.0000000000000000        0.0000000000000000        0.0000000000000000     
          26 m=   4.4729717303862169E-007 r=   1.0000000000000000      d=   3.0000000000000000     
   1.1488832705984084        6.8717861175537111E-003  0.18738637864589691     
   210.73665618896484        206.14464998245239        322.16675519943237     
   0.0000000000000000        0.0000000000000000        0.0000000000000000     
          27 m=   3.4436795999248625E-007 r=   1.0000000000000000      d=   3.0000000000000000     
   1.2254081894689666        9.1257137060165409E-003  0.31542125344276428     
   8.6649124324321747        197.61363744735718        286.23054027557373     
   0.0000000000000000        0.0000000000000000        0.0000000000000000     
          28 m=   1.9742417867188577E-007 r=   1.0000000000000000      d=   3.0000000000000000     
   1.2845042915676346        1.1188989877700806E-002   4.1218172758817673E-002
   294.06761169433594        248.72270107269287        352.53337383270264     
   0.0000000000000000        0.0000000000000000        0.0000000000000000     
          29 m=   4.0627074272844631E-007 r=   1.0000000000000000      d=   3.0000000000000000     
   1.3184639288382993        5.0934380292892460E-003  0.11742249131202698     
   144.80877399444580        135.35978078842163        82.911554574966431     
   0.0000000000000000        0.0000000000000000        0.0000000000000000     
          30 m=   4.1260521870790128E-007 r=   1.0000000000000000      d=   3.0000000000000000     
   1.3884430026629144        1.8537908792495728E-002  0.46373265981674194     
   232.11060047149658        16.150929629802704        55.175136923789978     
   0.0000000000000000        0.0000000000000000        0.0000000000000000     
          31 m=   4.1051702243885883E-007 r=   1.0000000000000000      d=   3.0000000000000000     
   1.4597123891001651        5.7339483499526979E-003   3.6068331450223923E-002
   283.48412990570068        77.340681552886963        339.58544969558716     
   0.0000000000000000        0.0000000000000000        0.0000000000000000     
          32 m=   3.0261157900968989E-007 r=   1.0000000000000000      d=   3.0000000000000000     
   1.5308235141226267        1.9835273921489714E-003  0.34484311938285828     
   60.959395766258240        318.87192964553833        245.98294258117676     
   0.0000000000000000        0.0000000000000000        0.0000000000000000     
          33 m=   6.0185983439313763E-007 r=   1.0000000000000000      d=   3.0000000000000000     
   1.5833922153915547        2.5142717361450197E-003  0.20391464233398438     
   179.15290474891663        227.52005338668823        309.93287801742554     
   0.0000000000000000        0.0000000000000000        0.0000000000000000     
          34 m=   7.6425828471881218E-007 r=   1.0000000000000000      d=   3.0000000000000000     
   1.6881654324762463        1.2592831850051880E-002   5.4950017482042313E-002
   331.23940229415894        165.88617324829102        257.84946441650391     
   0.0000000000000000        0.0000000000000000        0.0000000000000000     
          35 m=   7.1144971403538131E-007 r=   1.0000000000000000      d=   3.0000000000000000     
   1.8217681126139877        1.8921329975128173E-002  0.33814993500709534     
   235.30360937118530        263.47686767578125        175.98284482955933     
   0.0000000000000000        0.0000000000000000        0.0000000000000000     
          36 m=   5.7016039424446903E-007 r=   1.0000000000000000      d=   3.0000000000000000     
   1.9468055719411028        1.6809252500534059E-002  0.19212563335895538     
   337.98666000366211        50.245671272277832        36.233315169811249     
   0.0000000000000000        0.0000000000000000        0.0000000000000000     
          37 m=   8.3099807369438603E-007 r=   1.0000000000000000      d=   3.0000000000000000     
   2.0475138338374199        2.5265270471572878E-003  0.17178510129451752     
   343.51879119873047        272.81670570373535        185.59832811355591     
   0.0000000000000000        0.0000000000000000        0.0000000000000000     
          38 m=   7.7446362407295572E-007 r=   1.0000000000000000      d=   3.0000000000000000     
   2.1948867079340681        7.7356976270675660E-003  0.41810330748558044     
   356.67824506759644        41.322975754737854        236.62237644195557     
   0.0000000000000000        0.0000000000000000        0.0000000000000000     
          39 m=   1.2029004861628584E-006 r=   1.0000000000000000      d=   3.0000000000000000     
   2.3330455515020332        1.1491903066635133E-002  0.31828844547271729     
   272.54294872283936        73.209124803543091        176.44990324974060     
   0.0000000000000000        0.0000000000000000        0.0000000000000000     
          40 m=   9.3859825666184320E-007 r=   1.0000000000000000      d=   3.0000000000000000     
   2.5488236842733309        1.2509083747863770E-002   6.9345444440841675E-002
   12.427004277706146        17.973541617393494        75.891478657722473     
   0.0000000000000000        0.0000000000000000        0.0000000000000000     
          41 m=   2.3487036481730736E-006 r=   1.0000000000000000      d=   1.5000000000000000     
   2.7000000000000002        1.0632972717285156E-002  0.22567562758922577     
   143.64651918411255        121.73207759857178        42.567040622234344     
   0.0000000000000000        0.0000000000000000        0.0000000000000000     
          42 m=   3.7039070687757628E-006 r=   1.0000000000000000      d=   1.5000000000000000     
   2.9137718957375971        5.8810317516326902E-003  0.37017694115638733     
   214.24378395080566        289.73479270935059        19.310590624809265     
   0.0000000000000000        0.0000000000000000        0.0000000000000000     
          43 m=   3.4546019076683553E-006 r=   1.0000000000000000      d=   1.5000000000000000     
   3.2537853216381083        1.0195043087005615E-002  0.41166245937347412     
   248.04066896438599        233.27120304107666        266.78068399429321     
   0.0000000000000000        0.0000000000000000        0.0000000000000000     
          44 m=   2.9029123004964015E-006 r=   1.0000000000000000      d=   1.5000000000000000     
   3.5752554555383833        2.5874233245849611E-003  0.25482377409934998     
   205.59582710266113        304.97845172882080        66.722111105918884     
   0.0000000000000000        0.0000000000000000        0.0000000000000000     
          45 m=   5.7412091789799216E-006 r=   1.0000000000000000      d=   1.5000000000000000     
   3.8488837770667441        1.8604382872581483E-003  0.19268871843814850     
   117.07981824874878        136.81822657585144        162.03913450241089     
   0.0000000000000000        0.0000000000000000        0.0000000000000000     
          46 m=   7.1051425378576170E-006 r=   1.0000000000000000      d=   1.5000000000000000     
   4.3960054417889900        1.2461847066879273E-002  0.39277690649032593     
   185.81760406494141        260.62694549560547        223.70024442672729     
   0.0000000000000000        0.0000000000000000        0.0000000000000000     
