)O+_06 Big-body initial data  (WARNING: Do not delete  this line!!)
) Lines beginning with `)` are ignored.
)--------------------------------------------------
style (Cartesian, Asteroidal, Cometary) = Asteroidal
epoch (in days) = 0.
)--------------------------------------------------
           1 m=   5.8889685599490886E-008 r=   1.0000000000000000      d=   3.0000000000000000     
  0.50000000000000000        1.9132552146911622E-002  0.10897591710090637     
   165.71454405784607        23.913628756999969        252.21156835556030     
   0.0000000000000000        0.0000000000000000        0.0000000000000000     
           2 m=   9.5767320554245986E-008 r=   1.0000000000000000      d=   3.0000000000000000     
  0.50981688499384881        2.3985090851783753E-003  0.27937850356101990     
   225.82485437393188        13.355927020311356        307.22002744674683     
   0.0000000000000000        0.0000000000000000        0.0000000000000000     
           3 m=   7.6845892952196883E-008 r=   1.0000000000000000      d=   3.0000000000000000     
  0.52578752575291932        1.8901854753494263E-002  0.41070574522018433     
   30.127338767051697        207.45732307434082        119.08261299133301     
   0.0000000000000000        0.0000000000000000        0.0000000000000000     
           4 m=   6.6811080920627948E-008 r=   1.0000000000000000      d=   3.0000000000000000     
  0.53861092323609450        2.6965671777725219E-003  0.23951770365238190     
   102.47429966926575        340.30065536499023        214.54397678375244     
   0.0000000000000000        0.0000000000000000        0.0000000000000000     
           5 m=   9.8326158675225913E-008 r=   1.0000000000000000      d=   3.0000000000000000     
  0.54976551565491938        7.9968726634979254E-003   3.9303824305534363E-002
   132.26396441459656        20.168988704681396        110.33204555511475     
   0.0000000000000000        0.0000000000000000        0.0000000000000000     
           6 m=   7.1920530146583474E-008 r=   1.0000000000000000      d=   3.0000000000000000     
  0.56618910418582935        1.5983248949050902E-002  0.36540293693542480     
   353.76721143722534        19.971236139535904        234.61378812789917     
   0.0000000000000000        0.0000000000000000        0.0000000000000000     
           7 m=   1.0079100905791946E-007 r=   1.0000000000000000      d=   3.0000000000000000     
  0.57821000932602407        1.3530015945434570E-002  0.29362535476684570     
   88.342137336730957        354.89474773406982        156.32341146469116     
   0.0000000000000000        0.0000000000000000        0.0000000000000000     
           8 m=   7.7244883927612145E-008 r=   1.0000000000000000      d=   3.0000000000000000     
  0.59506447184495781        3.6277690529823302E-003  0.37912541627883911     
   107.89020538330078        349.58013296127319        208.60554456710815     
   0.0000000000000000        0.0000000000000000        0.0000000000000000     
           9 m=   8.7749315850136507E-008 r=   1.0000000000000000      d=   3.0000000000000000     
  0.60799021826025634        2.9499843716621400E-003   2.4090742692351341E-002
   62.209621667861938        136.10632538795471        12.077712267637253     
   0.0000000000000000        0.0000000000000000        0.0000000000000000     
          10 m=   1.1241372510160288E-007 r=   1.0000000000000000      d=   3.0000000000000000     
  0.62268131399526050        3.9899614453315739E-003  0.34195590019226074     
   333.39755058288574        313.85169267654419        269.28906440734863     
   0.0000000000000000        0.0000000000000000        0.0000000000000000     
          11 m=   1.1922019542311437E-007 r=   1.0000000000000000      d=   3.0000000000000000     
  0.64151281768382595        6.1249017715454103E-003  0.27985781431198120     
   44.345463216304779        136.39872908592224        94.347496032714844     
   0.0000000000000000        0.0000000000000000        0.0000000000000000     
          12 m=   1.2412280603249723E-007 r=   1.0000000000000000      d=   3.0000000000000000     
  0.66149958821323251        4.9122035503387455E-003  0.13766199350357056     
   351.46830081939697        288.23363542556763        320.90487241744995     
   0.0000000000000000        0.0000000000000000        0.0000000000000000     
          13 m=   8.1838518966551858E-008 r=   1.0000000000000000      d=   3.0000000000000000     
  0.68232490362466136        1.3676505088806152E-002  0.41654896736145020     
   160.02310037612915        20.833522081375122        151.15331411361694     
   0.0000000000000000        0.0000000000000000        0.0000000000000000     
          14 m=   1.8828366406330686E-007 r=   1.0000000000000000      d=   3.0000000000000000     
  0.69606720715852477        7.8550904989242558E-004  0.27357128262519836     
   121.23186707496643        180.64136981964111        272.42400884628296     
   0.0000000000000000        0.0000000000000000        0.0000000000000000     
          15 m=   9.1255822791555938E-008 r=   1.0000000000000000      d=   3.0000000000000000     
  0.72770113684504023        1.3687639236450196E-002  0.27671134471893311     
   265.34789085388184        198.42864274978638        191.49903774261475     
   0.0000000000000000        0.0000000000000000        0.0000000000000000     
          16 m=   1.6689829767974691E-007 r=   1.0000000000000000      d=   3.0000000000000000     
  0.74305263011589562        8.7076050043106076E-003  0.46337175369262695     
   276.02707386016846        77.926958799362183        290.67412376403809     
   0.0000000000000000        0.0000000000000000        0.0000000000000000     
          17 m=   1.3246673880872574E-007 r=   1.0000000000000000      d=   3.0000000000000000     
  0.77114631010585943        3.7424224615097046E-003   9.3339316546916962E-002
   217.33868837356567        232.39532232284546        355.57871103286743     
   0.0000000000000000        0.0000000000000000        0.0000000000000000     
          18 m=   1.0257836288718958E-007 r=   1.0000000000000000      d=   3.0000000000000000     
  0.79346926110361549        9.2081558704376221E-003  0.39999690651893616     
   218.76856327056885        336.29143953323364        228.14863443374634     
   0.0000000000000000        0.0000000000000000        0.0000000000000000     
          19 m=   2.7065706265569985E-007 r=   1.0000000000000000      d=   3.0000000000000000     
  0.81077094265664917        1.4359694719314576E-002  0.47319120168685913     
   115.35751819610596        57.909080386161804        54.885892868041992     
   0.0000000000000000        0.0000000000000000        0.0000000000000000     
          20 m=   2.7336302392628136E-007 r=   1.0000000000000000      d=   3.0000000000000000     
  0.85645371752224075        9.3082392215728758E-003  0.48145890235900879     
   239.24840927124023        231.34820938110352        352.19867706298828     
   0.0000000000000000        0.0000000000000000        0.0000000000000000     
          21 m=   2.4614422894683428E-007 r=   1.0000000000000000      d=   3.0000000000000000     
  0.90267760558006693        1.0720221996307374E-002  0.18453486263751984     
   287.40933895111084        59.445047378540039        115.73195457458496     
   0.0000000000000000        0.0000000000000000        0.0000000000000000     
          22 m=   2.1007771781677761E-007 r=   1.0000000000000000      d=   3.0000000000000000     
  0.94437600181029979        4.2771015316247943E-004  0.31473451852798462     
   5.7042076438665390        180.56195497512817        76.294630765914917     
   0.0000000000000000        0.0000000000000000        0.0000000000000000     
          23 m=   1.9198082028854827E-007 r=   1.0000000000000000      d=   3.0000000000000000     
  0.98002391077747741        5.2981102466583257E-003  0.14596822857856750     
   236.32913589477539        341.10615491867065        77.981209158897400     
   0.0000000000000000        0.0000000000000000        0.0000000000000000     
          24 m=   1.8968481829162981E-007 r=   1.0000000000000000      d=   3.0000000000000000     
   1.0126474579197742        6.7844647169113164E-003  0.10321359336376190     
   284.43094968795776        255.91308116912842        243.58459711074829     
   0.0000000000000000        0.0000000000000000        0.0000000000000000     
          25 m=   3.6766867265180679E-007 r=   1.0000000000000000      d=   3.0000000000000000     
   1.0449229326467733        1.4130194187164307E-002  0.43827617168426514     
   107.65129566192627        307.38868474960327        247.52819538116455     
   0.0000000000000000        0.0000000000000000        0.0000000000000000     
          26 m=   1.6604965843891716E-007 r=   1.0000000000000000      d=   3.0000000000000000     
   1.1075637441944595        1.8366930484771730E-002  0.13270005583763123     
   16.864118278026581        74.619092345237732        81.568561792373657     
   0.0000000000000000        0.0000000000000000        0.0000000000000000     
          27 m=   4.0724176338000230E-007 r=   1.0000000000000000      d=   3.0000000000000000     
   1.1359250953657605        6.7654520273208616E-003  0.49260118603706360     
   291.41297578811646        13.191534429788589        310.31471729278564     
   0.0000000000000000        0.0000000000000000        0.0000000000000000     
          28 m=   3.7824129309180896E-007 r=   1.0000000000000000      d=   3.0000000000000000     
   1.2055611130950312        1.8583258390426637E-002  0.17394542694091797     
   209.27446603775024        33.569747507572174        170.74003815650940     
   0.0000000000000000        0.0000000000000000        0.0000000000000000     
          29 m=   4.6426102377560452E-007 r=   1.0000000000000000      d=   3.0000000000000000     
   1.2704186212605775        1.5395166873931885E-002  0.27288228273391724     
  0.37576796952635050        132.20807790756226        14.569001644849777     
   0.0000000000000000        0.0000000000000000        0.0000000000000000     
          30 m=   3.4670362071484118E-007 r=   1.0000000000000000      d=   3.0000000000000000     
   1.3502328340414442        1.3713927268981935E-002   9.1039456427097321E-002
   41.605736911296844        67.852866053581238        213.93030881881714     
   0.0000000000000000        0.0000000000000000        0.0000000000000000     
          31 m=   3.3820347961007264E-007 r=   1.0000000000000000      d=   3.0000000000000000     
   1.4100275630163575        1.1378650665283204E-002   5.4032228887081146E-002
   312.45142936706543        11.475561708211899        196.26869201660156     
   0.0000000000000000        0.0000000000000000        0.0000000000000000     
          32 m=   2.6007338528772642E-007 r=   1.0000000000000000      d=   3.0000000000000000     
   1.4684959801868704        1.4901056289672851E-002   1.4899302273988724E-002
   78.104199171066284        113.80609631538391        143.10131192207336     
   0.0000000000000000        0.0000000000000000        0.0000000000000000     
          33 m=   3.2797908146879145E-007 r=   1.0000000000000000      d=   3.0000000000000000     
   1.5135625887193460        1.8545389175415039E-002  0.30285772681236267     
   102.99078583717346        314.76480245590210        98.339041471481323     
   0.0000000000000000        0.0000000000000000        0.0000000000000000     
          34 m=   3.2934951705063093E-007 r=   1.0000000000000000      d=   3.0000000000000000     
   1.5704987257854242        2.0079961419105529E-003   9.5815263688564301E-002
   227.94294118881226        267.36757278442383        81.012486219406128     
   0.0000000000000000        0.0000000000000000        0.0000000000000000     
          35 m=   4.1689457902634554E-007 r=   1.0000000000000000      d=   3.0000000000000000     
   1.6278031253051140        1.8357219696044921E-002  0.23880235850811005     
   124.65688705444336        356.10448837280273        331.92461013793945     
   0.0000000000000000        0.0000000000000000        0.0000000000000000     
          36 m=   3.0921997595797555E-007 r=   1.0000000000000000      d=   3.0000000000000000     
   1.7005061806373882        1.7500461339950563E-002  0.29493260383605957     
   143.05070400238037        294.62188482284546        72.819024324417114     
   0.0000000000000000        0.0000000000000000        0.0000000000000000     
          37 m=   5.9658268692686899E-007 r=   1.0000000000000000      d=   3.0000000000000000     
   1.7545887029274017        9.2449194192886358E-003   8.3079390227794647E-002
   199.21154737472534        197.27992773056030        288.77001285552979     
   0.0000000000000000        0.0000000000000000        0.0000000000000000     
          38 m=   3.6243723263893773E-007 r=   1.0000000000000000      d=   3.0000000000000000     
   1.8591568834331622        3.3296707272529604E-003  0.30874475836753845     
   14.180287867784500        201.25088453292847        149.58411455154419     
   0.0000000000000000        0.0000000000000000        0.0000000000000000     
          39 m=   7.2811547186911813E-007 r=   1.0000000000000000      d=   3.0000000000000000     
   1.9229506502495073        6.0516488552093510E-003   6.5942078828811646E-002
   46.170870065689087        157.65280008316040        69.473268985748291     
   0.0000000000000000        0.0000000000000000        0.0000000000000000     
          40 m=   3.8871262348153418E-007 r=   1.0000000000000000      d=   3.0000000000000000     
   2.0514360889372458        3.9268821477890011E-003   4.4394873082637787E-002
   206.55880451202393        231.40912771224976        3.2459339126944542     
   0.0000000000000000        0.0000000000000000        0.0000000000000000     
          41 m=   6.8785793854379770E-007 r=   1.0000000000000000      d=   3.0000000000000000     
   2.1203829211905219        3.9116868376731870E-003  0.46161052584648132     
   204.18453454971313        276.96417331695557        186.35213613510132     
   0.0000000000000000        0.0000000000000000        0.0000000000000000     
          42 m=   6.7965387605209592E-007 r=   1.0000000000000000      d=   3.0000000000000000     
   2.2427267747711821        8.0151379108428962E-003   4.1454572230577469E-002
   252.90829896926880        169.36420440673828        107.62975215911865     
   0.0000000000000000        0.0000000000000000        0.0000000000000000     
          43 m=   1.0387713414269741E-006 r=   1.0000000000000000      d=   3.0000000000000000     
   2.3642044663166990        1.0737453699111939E-002  0.44466611742973328     
   339.52652692794800        331.09589338302612        200.48748493194580     
   0.0000000000000000        0.0000000000000000        0.0000000000000000     
          44 m=   5.1751374384072107E-007 r=   1.0000000000000000      d=   3.0000000000000000     
   2.5507732479439227        1.6215636730194091E-002   9.5927231013774872E-002
   57.141759395599365        6.8567890673875809        314.14094209671021     
   0.0000000000000000        0.0000000000000000        0.0000000000000000     
          45 m=   1.1542111619893944E-006 r=   1.0000000000000000      d=   3.0000000000000000     
   2.6444176747582002        1.0813270807266236E-002  0.13173288106918335     
   338.82981777191162        13.529514223337173        86.457268595695496     
   0.0000000000000000        0.0000000000000000        0.0000000000000000     
          46 m=   1.5652015250334375E-006 r=   1.0000000000000000      d=   1.5000000000000000     
   2.7000000000000002        5.2623128890991215E-003  0.42672815918922424     
   258.50909471511841        82.343285679817200        106.39191269874573     
   0.0000000000000000        0.0000000000000000        0.0000000000000000     
          47 m=   2.7662744032237426E-006 r=   1.0000000000000000      d=   1.5000000000000000     
   2.8424599044149481        1.9726197719573974E-002   6.5732009708881378E-002
   3.0578440055251122        292.53471851348877        136.13081932067871     
   0.0000000000000000        0.0000000000000000        0.0000000000000000     
          48 m=   3.4169000850290473E-006 r=   1.0000000000000000      d=   1.5000000000000000     
   3.0956766521028571        1.4040927886962890E-002  0.17975312471389771     
   256.19763135910034        222.91100978851318        262.27266311645508     
   0.0000000000000000        0.0000000000000000        0.0000000000000000     
          49 m=   5.5599631891772081E-006 r=   1.0000000000000000      d=   1.5000000000000000     
   3.4116338643489215        1.8995767831802370E-002   3.6823451519012451E-002
   332.04736948013306        4.5846877992153168        275.88386535644531     
   0.0000000000000000        0.0000000000000000        0.0000000000000000     
          50 m=   4.1426243725705993E-006 r=   1.0000000000000000      d=   1.5000000000000000     
   3.9322967834419087        1.1768759489059449E-002  0.48969256877899170     
   347.42295026779175        173.94568562507629        289.44498538970947     
   0.0000000000000000        0.0000000000000000        0.0000000000000000     
          51 m=   2.9754582494723934E-006 r=   1.0000000000000000      d=   1.5000000000000000     
   4.3283970456717622        1.4230579137802124E-003  0.39108768105506897     
   151.42791867256165        23.869935572147369        96.031901836395264     
   0.0000000000000000        0.0000000000000000        0.0000000000000000     
          52 m=   4.1145584130591036E-006 r=   1.0000000000000000      d=   1.5000000000000000     
   4.6174413401030945        1.8359791040420532E-002  0.27927872538566589     
   98.205295801162720        356.55428409576416        282.79928684234619     
   0.0000000000000000        0.0000000000000000        0.0000000000000000     
