)O+_06 Big-body initial data  (WARNING: Do not delete  this line!!)
) Lines beginning with `)` are ignored.
)--------------------------------------------------
style (Cartesian, Asteroidal, Cometary) = Asteroidal
epoch (in days) = 0.
)--------------------------------------------------
           1 m=   8.6852210087022216E-008 r=   1.0000000000000000      d=   3.0000000000000000     
  0.50000000000000000        1.6311478614807130E-002  0.35256987810134888     
   278.61978292465210        130.50498247146606        346.44418001174927     
   0.0000000000000000        0.0000000000000000        0.0000000000000000     
           2 m=   1.3923788741976068E-007 r=   1.0000000000000000      d=   3.0000000000000000     
  0.51447822567239632        2.1184502169489862E-004   6.3757479190826416E-002
   140.20168304443359        104.35344457626343        269.58123207092285     
   0.0000000000000000        0.0000000000000000        0.0000000000000000     
           3 m=   1.1320697133713285E-007 r=   1.0000000000000000      d=   3.0000000000000000     
  0.53770256698377572        5.3809839487075810E-003  0.10148123651742935     
   202.62492656707764        67.912330627441406        357.91648149490356     
   0.0000000000000000        0.0000000000000000        0.0000000000000000     
           4 m=   7.2036827141981972E-008 r=   1.0000000000000000      d=   3.0000000000000000     
  0.55660260161262676        1.6563791036605834E-002   1.0518359951674938E-002
   207.71848440170288        210.15729904174805        159.53254580497742     
   0.0000000000000000        0.0000000000000000        0.0000000000000000     
           5 m=   1.2178916980638668E-007 r=   1.0000000000000000      d=   3.0000000000000000     
  0.56863832870069875        1.0552784204483032E-002  0.38359206914901733     
   49.404535889625549        186.67391538619995        99.988331794738770     
   0.0000000000000000        0.0000000000000000        0.0000000000000000     
           6 m=   1.2352676144813154E-007 r=   1.0000000000000000      d=   3.0000000000000000     
  0.58899634732970763        3.6327728629112245E-003  0.37352755665779114     
   49.089102745056152        50.106164216995239        331.67947769165039     
   0.0000000000000000        0.0000000000000000        0.0000000000000000     
           7 m=   1.0211101836626678E-007 r=   1.0000000000000000      d=   3.0000000000000000     
  0.60966163940854035        7.5739330053329473E-003  0.22848899662494659     
   213.17229509353638        260.40563106536865        344.89461421966553     
   0.0000000000000000        0.0000000000000000        0.0000000000000000     
           8 m=   1.5889873147471906E-007 r=   1.0000000000000000      d=   3.0000000000000000     
  0.62675833160164907        1.9413725137710572E-002   3.3637519925832748E-002
   276.93305969238281        166.48150563240051        58.810286521911621     
   0.0000000000000000        0.0000000000000000        0.0000000000000000     
           9 m=   1.6568052789302423E-007 r=   1.0000000000000000      d=   3.0000000000000000     
  0.65338132689593065        1.0578855276107788E-002  0.31851670145988464     
   147.96314835548401        303.58385324478149        238.20730447769165     
   0.0000000000000000        0.0000000000000000        0.0000000000000000     
          10 m=   7.6600571132364149E-008 r=   1.0000000000000000      d=   3.0000000000000000     
  0.68117016852449297        1.9679172039031984E-002  0.47430366277694702     
   80.358751416206360        76.696715354919434        234.94282007217407     
   0.0000000000000000        0.0000000000000000        0.0000000000000000     
          11 m=   1.6672608503753240E-007 r=   1.0000000000000000      d=   3.0000000000000000     
  0.69403232306568152        9.3588584661483763E-003  0.36727994680404663     
   288.65791797637939        136.00176215171814        284.90851163864136     
   0.0000000000000000        0.0000000000000000        0.0000000000000000     
          12 m=   8.5875998875859040E-008 r=   1.0000000000000000      d=   3.0000000000000000     
  0.72204203914574372        8.1213243305683141E-004  0.17310006916522980     
   34.319988191127777        326.73580169677734        147.81313776969910     
   0.0000000000000000        0.0000000000000000        0.0000000000000000     
          13 m=   9.1873472608250253E-008 r=   1.0000000000000000      d=   3.0000000000000000     
  0.73648524278105254        1.5827074646949768E-003  0.48401376605033875     
   250.59286594390869        152.38912582397461        280.41061878204346     
   0.0000000000000000        0.0000000000000000        0.0000000000000000     
          14 m=   1.0497820094797355E-007 r=   1.0000000000000000      d=   3.0000000000000000     
  0.75194607150178494        8.5223400592803963E-003  0.35663750767707825     
   274.93616580963135        196.13902330398560        350.10007381439209     
   0.0000000000000000        0.0000000000000000        0.0000000000000000     
          15 m=   1.9833555921982697E-007 r=   1.0000000000000000      d=   3.0000000000000000     
  0.76962314407249521        1.3745650053024291E-002  0.19657295942306519     
   74.035583138465881        329.66679096221924        23.754002451896667     
   0.0000000000000000        0.0000000000000000        0.0000000000000000     
          16 m=   1.3346805336803488E-007 r=   1.0000000000000000      d=   3.0000000000000000     
  0.80304410143028271        1.0137401819229126E-002  0.27147719264030457     
   137.01822280883789        233.75271320343018        319.99075412750244     
   0.0000000000000000        0.0000000000000000        0.0000000000000000     
          17 m=   1.9192025145259760E-007 r=   1.0000000000000000      d=   3.0000000000000000     
  0.82556450708333751        9.4736266136169443E-003  0.29718494415283203     
   137.63090372085571        107.42003560066223        224.08920764923096     
   0.0000000000000000        0.0000000000000000        0.0000000000000000     
          18 m=   2.4916105835806530E-007 r=   1.0000000000000000      d=   3.0000000000000000     
  0.85797688591331434        8.8576465845108029E-003  0.49933937191963196     
   64.497701525688171        271.22583389282227        104.63383197784424     
   0.0000000000000000        0.0000000000000000        0.0000000000000000     
          19 m=   1.7747744548628730E-007 r=   1.0000000000000000      d=   3.0000000000000000     
  0.90011094790467139        1.6446778774261477E-002  0.22976262867450714     
   150.82126736640930        201.15923881530762        100.89793324470520     
   0.0000000000000000        0.0000000000000000        0.0000000000000000     
          20 m=   1.1800327519370609E-007 r=   1.0000000000000000      d=   3.0000000000000000     
  0.93017366816393920        1.8637973070144653E-002   9.0266436338424683E-002
   351.42935514450073        7.2965707629919052        271.44416570663452     
   0.0000000000000000        0.0000000000000000        0.0000000000000000     
          21 m=   2.8231264900705173E-007 r=   1.0000000000000000      d=   3.0000000000000000     
  0.95018617120261406        1.2830878496170045E-002  0.31614360213279724     
   145.46746015548706        100.05642771720886        300.74133396148682     
   0.0000000000000000        0.0000000000000000        0.0000000000000000     
          22 m=   2.2211568401590484E-007 r=   1.0000000000000000      d=   3.0000000000000000     
  0.99810269893693326        9.3925458192825311E-003  0.44689810276031494     
   325.41591882705688       0.68225448019802570        177.72025108337402     
   0.0000000000000000        0.0000000000000000        0.0000000000000000     
          23 m=   1.8425509994616872E-007 r=   1.0000000000000000      d=   3.0000000000000000     
   1.0358744069359660        1.7354332208633423E-002  0.11044663935899734     
   28.647491633892059        180.11915445327759        247.62763023376465     
   0.0000000000000000        0.0000000000000000        0.0000000000000000     
          24 m=   2.0835901297200602E-007 r=   1.0000000000000000      d=   3.0000000000000000     
   1.0672551394361014        1.9757845997810364E-003   6.1178918927907944E-002
   47.519372105598450        326.31274223327637        146.83126688003540     
   0.0000000000000000        0.0000000000000000        0.0000000000000000     
          25 m=   3.8457853709164860E-007 r=   1.0000000000000000      d=   3.0000000000000000     
   1.1027856125126034        8.2754708826541905E-004   6.9593936204910278E-002
   123.65558624267578        96.573568582534790        327.30305671691895     
   0.0000000000000000        0.0000000000000000        0.0000000000000000     
          26 m=   1.7611694842619827E-007 r=   1.0000000000000000      d=   3.0000000000000000     
   1.1684592345478830        1.8085353374481201E-002   2.6428902521729469E-002
   304.04145956039429        32.834586203098297        109.51982975006104     
   0.0000000000000000        0.0000000000000000        0.0000000000000000     
          27 m=   1.9116494711326395E-007 r=   1.0000000000000000      d=   3.0000000000000000     
   1.1986134438947005        1.2550463676452637E-002  0.39019489288330078     
   276.25370979309082        75.829052925109863        192.93329000473022     
   0.0000000000000000        0.0000000000000000        0.0000000000000000     
          28 m=   3.6796424206201827E-007 r=   1.0000000000000000      d=   3.0000000000000000     
   1.2313836284340147        1.1000022888183594E-002  0.31334742903709412     
   106.23665571212769        105.47946810722351        74.018218517303467     
   0.0000000000000000        0.0000000000000000        0.0000000000000000     
          29 m=   2.2817046640004729E-007 r=   1.0000000000000000      d=   3.0000000000000000     
   1.2945441226227616        6.2898218631744383E-003  0.12386193871498108     
   251.15544319152832        322.31335401535034        347.32368707656860     
   0.0000000000000000        0.0000000000000000        0.0000000000000000     
          30 m=   2.5725004086735686E-007 r=   1.0000000000000000      d=   3.0000000000000000     
   1.3338083035947910        1.0373607873916627E-002  0.17530529201030731     
   346.39660835266113        27.431981563568115        7.0085397362709045     
   0.0000000000000000        0.0000000000000000        0.0000000000000000     
          31 m=   5.0288559295470367E-007 r=   1.0000000000000000      d=   3.0000000000000000     
   1.3781461560392525        8.3628427982330323E-003  0.45067515969276428     
   105.14570474624634        169.58750367164612        258.69693517684937     
   0.0000000000000000        0.0000000000000000        0.0000000000000000     
          32 m=   6.2322094358082137E-007 r=   1.0000000000000000      d=   3.0000000000000000     
   1.4649739211054731        1.7698721885681154E-002   9.8428063094615936E-002
   46.225876808166504        107.94454693794250        337.53722906112671     
   0.0000000000000000        0.0000000000000000        0.0000000000000000     
          33 m=   3.4728382060988221E-007 r=   1.0000000000000000      d=   3.0000000000000000     
   1.5729530503623430        1.8640084564685822E-003  0.38441848754882812     
   332.15360641479492        285.28760433197021        7.2531679272651672     
   0.0000000000000000        0.0000000000000000        0.0000000000000000     
          34 m=   5.8598847063860046E-007 r=   1.0000000000000000      d=   3.0000000000000000     
   1.6333838194944994        1.8704698085784913E-002  0.39416038990020752     
   164.03586745262146        324.48596477508545        152.13323235511780     
   0.0000000000000000        0.0000000000000000        0.0000000000000000     
          35 m=   6.7262302111268810E-007 r=   1.0000000000000000      d=   3.0000000000000000     
   1.7355983015646261        9.4876289367675783E-004  0.10858210176229477     
   251.88766479492188        274.26426172256470        300.49313306808472     
   0.0000000000000000        0.0000000000000000        0.0000000000000000     
          36 m=   7.5383041681244478E-007 r=   1.0000000000000000      d=   3.0000000000000000     
   1.8534052036793771        1.0548026114702224E-003   6.9787345826625824E-002
   106.86695337295532        150.20882248878479        181.93440914154053     
   0.0000000000000000        0.0000000000000000        0.0000000000000000     
          37 m=   3.5084125119812923E-007 r=   1.0000000000000000      d=   3.0000000000000000     
   1.9860588466116460        1.8248993158340453E-002  0.17142578959465027     
   326.55987024307251        37.708358466625214        304.72434997558594     
   0.0000000000000000        0.0000000000000000        0.0000000000000000     
          38 m=   3.5888809456308863E-007 r=   1.0000000000000000      d=   3.0000000000000000     
   2.0481258252593624        1.0548427104949951E-002  0.36048042774200439     
   107.69855618476868        247.81051397323608        203.38699579238892     
   0.0000000000000000        0.0000000000000000        0.0000000000000000     
          39 m=   9.9246263360065192E-007 r=   1.0000000000000000      d=   3.0000000000000000     
   2.1117741854699306        3.4459713101387024E-003  0.22844308614730835     
   34.658697545528412        62.912145853042603        313.93739461898804     
   0.0000000000000000        0.0000000000000000        0.0000000000000000     
          40 m=   9.6998010707127652E-007 r=   1.0000000000000000      d=   3.0000000000000000     
   2.2882348934620684        8.7860129773616787E-004   8.2745239138603210E-002
   142.32313871383667        41.043583452701569        198.34246873855591     
   0.0000000000000000        0.0000000000000000        0.0000000000000000     
          41 m=   5.0613118522924275E-007 r=   1.0000000000000000      d=   3.0000000000000000     
   2.4619198150598249        7.8274354338645933E-004  0.23364852368831635     
   16.511567384004593        229.12605285644531        261.23988389968872     
   0.0000000000000000        0.0000000000000000        0.0000000000000000     
          42 m=   1.1760575754289601E-006 r=   1.0000000000000000      d=   3.0000000000000000     
   2.5531796339646462        2.4763575196266176E-003  0.13882178068161011     
   145.45940279960632        232.50570058822632        117.93243885040283     
   0.0000000000000000        0.0000000000000000        0.0000000000000000     
          43 m=   1.7664400275757416E-006 r=   1.0000000000000000      d=   1.5000000000000000     
   2.7000000000000002        1.8624923229217528E-002   1.8016362562775612E-002
   209.80672359466553        240.19582986831665        9.9181021749973297     
   0.0000000000000000        0.0000000000000000        0.0000000000000000     
          44 m=   3.5945312691332975E-006 r=   1.0000000000000000      d=   1.5000000000000000     
   2.8607760236994420        1.8996243476867677E-002  0.27482521533966064     
   161.19038701057434        244.31237697601318        6.1157932877540588     
   0.0000000000000000        0.0000000000000000        0.0000000000000000     
          45 m=   4.9027059908827934E-006 r=   1.0000000000000000      d=   1.5000000000000000     
   3.1900501588681935        1.9577094316482545E-002   2.1922022104263306E-002
   3.4322686493396759        311.17918252944946        254.91087913513184     
   0.0000000000000000        0.0000000000000000        0.0000000000000000     
          46 m=   6.0068644793159446E-006 r=   1.0000000000000000      d=   1.5000000000000000     
   3.6451129008803118        2.7094775438308715E-003  0.20979729294776917     
   238.09789180755615        328.33115816116333        108.42329978942871     
   0.0000000000000000        0.0000000000000000        0.0000000000000000     
          47 m=   4.2593308585215325E-006 r=   1.0000000000000000      d=   1.5000000000000000     
   4.2129039121367420        1.5962079763412476E-002  0.24778142571449280     
   55.174353718757629        192.26469039916992        272.21636295318604     
   0.0000000000000000        0.0000000000000000        0.0000000000000000     
          48 m=   6.2406852001407310E-006 r=   1.0000000000000000      d=   1.5000000000000000     
   4.6247601004252665        5.9595555067062378E-003  0.44745486974716187     
   209.00193214416504        96.475818157196045        224.05923128128052     
   0.0000000000000000        0.0000000000000000        0.0000000000000000     
