)O+_06 Big-body initial data  (WARNING: Do not delete  this line!!)
) Lines beginning with `)` are ignored.
)--------------------------------------------------
style (Cartesian, Asteroidal, Cometary) = Asteroidal
epoch (in days) = 0.
)--------------------------------------------------
           1 m=   9.8799839066004245E-008 r=   1.0000000000000000      d=   3.0000000000000000     
  0.50000000000000000        1.1886587142944336E-002  0.35751348733901978     
   344.19271230697632        296.94231748580933        182.87961959838867     
   0.0000000000000000        0.0000000000000000        0.0000000000000000     
           2 m=   6.6562945066845336E-008 r=   1.0000000000000000      d=   3.0000000000000000     
  0.51646989023032108        1.9509532451629640E-002  0.29720422625541687     
   44.455074369907379        295.35056591033936        235.38017034530640     
   0.0000000000000000        0.0000000000000000        0.0000000000000000     
           3 m=   1.4332852986982984E-007 r=   1.0000000000000000      d=   3.0000000000000000     
  0.52757321665604140        1.8233598470687867E-002  0.16495583951473236     
   186.26636981964111        230.76179265975952        132.21862435340881     
   0.0000000000000000        0.0000000000000000        0.0000000000000000     
           4 m=   5.8628860434233919E-008 r=   1.0000000000000000      d=   3.0000000000000000     
  0.55149238688519009        5.2349698543548585E-003  0.39163219928741455     
   131.54198884963989        164.28531289100647        57.466135025024414     
   0.0000000000000000        0.0000000000000000        0.0000000000000000     
           5 m=   9.5335188201691389E-008 r=   1.0000000000000000      d=   3.0000000000000000     
  0.56128594342187166        1.0084223747253419E-002  0.49924579262733459     
   121.39382958412170        24.479094743728638        119.77156519889832     
   0.0000000000000000        0.0000000000000000        0.0000000000000000     
           6 m=   1.1120653930140828E-007 r=   1.0000000000000000      d=   3.0000000000000000     
  0.57721728471925071        3.1824079155921936E-003   5.9443645179271698E-002
   240.75171232223511        200.31378507614136        145.17092585563660     
   0.0000000000000000        0.0000000000000000        0.0000000000000000     
           7 m=   1.5015667981183670E-007 r=   1.0000000000000000      d=   3.0000000000000000     
  0.59581271341782760        3.5644617676734926E-003  0.21458519995212555     
   208.66695642471313        278.79798889160156        139.02374267578125     
   0.0000000000000000        0.0000000000000000        0.0000000000000000     
           8 m=   8.2904150491557757E-008 r=   1.0000000000000000      d=   3.0000000000000000     
  0.62093988246889165        1.0256592035293579E-002   7.1168027818202972E-002
   44.743020236492157        8.5925678908824921        80.152602195739746     
   0.0000000000000000        0.0000000000000000        0.0000000000000000     
           9 m=   1.1294837131768755E-007 r=   1.0000000000000000      d=   3.0000000000000000     
  0.63482698627722112        3.7986385822296144E-003  0.29656469821929932     
   196.75387144088745        305.75260162353516        243.58807325363159     
   0.0000000000000000        0.0000000000000000        0.0000000000000000     
          10 m=   1.6996965846202813E-007 r=   1.0000000000000000      d=   3.0000000000000000     
  0.65375724828949666        1.2565432786941529E-002  0.42645144462585449     
   344.62092161178589        25.726694762706757        254.79610204696655     
   0.0000000000000000        0.0000000000000000        0.0000000000000000     
          11 m=   9.0520642042036001E-008 r=   1.0000000000000000      d=   3.0000000000000000     
  0.68226591496409772        1.4608407020568847E-002  0.34625512361526489     
   232.44368791580200        53.696655035018921        284.95737075805664     
   0.0000000000000000        0.0000000000000000        0.0000000000000000     
          12 m=   1.5807606112116531E-007 r=   1.0000000000000000      d=   3.0000000000000000     
  0.69746608255690723        1.8370436131954194E-003  0.10822658985853195     
   225.97138881683350        244.28257226943970        166.44654035568237     
   0.0000000000000000        0.0000000000000000        0.0000000000000000     
          13 m=   1.3257351882040094E-007 r=   1.0000000000000000      d=   3.0000000000000000     
  0.72402625622965655        3.1140637397766113E-003  0.27665534615516663     
   34.170017838478088        20.800374001264572        240.92792272567749     
   0.0000000000000000        0.0000000000000000        0.0000000000000000     
          14 m=   1.1382983461937564E-007 r=   1.0000000000000000      d=   3.0000000000000000     
  0.74632513291395219        3.0328777432441713E-003  0.42987740039825439     
   59.995093345642090        11.048511117696762        112.40743160247803     
   0.0000000000000000        0.0000000000000000        0.0000000000000000     
          15 m=   1.5920859709325303E-007 r=   1.0000000000000000      d=   3.0000000000000000     
  0.76548840554345121        9.2591232061386107E-003  0.28561785817146301     
   60.345802903175354        237.31975078582764        128.47755432128906     
   0.0000000000000000        0.0000000000000000        0.0000000000000000     
          16 m=   1.7521987360005280E-007 r=   1.0000000000000000      d=   3.0000000000000000     
  0.79231175384425834        1.1785656213760376E-002  0.32836633920669556     
   191.77996158599854        8.5306779295206070        129.92295384407043     
   0.0000000000000000        0.0000000000000000        0.0000000000000000     
          17 m=   1.5668511327407351E-007 r=   1.0000000000000000      d=   3.0000000000000000     
  0.82186436132236174        9.7426539659500131E-003   5.0023477524518967E-002
   212.94847011566162        226.89574241638184        224.41311120986938     
   0.0000000000000000        0.0000000000000000        0.0000000000000000     
          18 m=   1.6479613882376478E-007 r=   1.0000000000000000      d=   3.0000000000000000     
  0.84832215101638042        9.5655417442321779E-003  0.13075625896453857     
   10.228987634181976        316.28327608108521        351.83840274810791     
   0.0000000000000000        0.0000000000000000        0.0000000000000000     
          19 m=   1.4763395303661411E-007 r=   1.0000000000000000      d=   3.0000000000000000     
  0.87617903111898821        2.6628410816192626E-003  0.25628918409347534     
   181.21040582656860        337.46968030929565        325.63545227050781     
   0.0000000000000000        0.0000000000000000        0.0000000000000000     
          20 m=   2.3501553100530749E-007 r=   1.0000000000000000      d=   3.0000000000000000     
  0.90116266547022394        9.2807930707931516E-003  0.24951514601707458     
   68.069642186164856        77.403059005737305        48.439321517944336     
   0.0000000000000000        0.0000000000000000        0.0000000000000000     
          21 m=   3.3019876304057515E-007 r=   1.0000000000000000      d=   3.0000000000000000     
  0.94097337705752193        9.8080612719058996E-004  0.22881041467189789     
   231.86439514160156        310.10299444198608        358.15322399139404     
   0.0000000000000000        0.0000000000000000        0.0000000000000000     
          22 m=   3.4360443316368728E-007 r=   1.0000000000000000      d=   3.0000000000000000     
  0.99699689825562443        1.5425133705139161E-002  0.36208736896514893     
   130.35521864891052        98.146297931671143        288.31219196319580     
   0.0000000000000000        0.0000000000000000        0.0000000000000000     
          23 m=   1.7536040136345025E-007 r=   1.0000000000000000      d=   3.0000000000000000     
   1.0554256954848591        1.3725795745849610E-002  0.47058418393135071     
   204.91915941238403        73.194801807403564        339.01525497436523     
   0.0000000000000000        0.0000000000000000        0.0000000000000000     
          24 m=   1.8531061529947802E-007 r=   1.0000000000000000      d=   3.0000000000000000     
   1.0853149257541412        1.0874724388122559E-002  0.13571542501449585     
   161.64979577064514        161.68261528015137        194.90316867828369     
   0.0000000000000000        0.0000000000000000        0.0000000000000000     
          25 m=   3.6409570863274963E-007 r=   1.0000000000000000      d=   3.0000000000000000     
   1.1169379009400389        1.6982001066207886E-002  0.11947216093540192     
   67.637355923652649        309.48763132095337        42.836570441722870     
   0.0000000000000000        0.0000000000000000        0.0000000000000000     
          26 m=   1.6498121010968818E-007 r=   1.0000000000000000      d=   3.0000000000000000     
   1.1791489230503915        6.9066148996353152E-003  0.33086916804313660     
   27.468633949756622        24.688875675201416        127.27877855300903     
   0.0000000000000000        0.0000000000000000        0.0000000000000000     
          27 m=   2.0793675980241939E-007 r=   1.0000000000000000      d=   3.0000000000000000     
   1.2074085859793944        5.7787555456161504E-003  0.28386321663856506     
   197.35723972320557        198.35418462753296        191.46717309951782     
   0.0000000000000000        0.0000000000000000        0.0000000000000000     
          28 m=   4.0639780021402961E-007 r=   1.0000000000000000      d=   3.0000000000000000     
   1.2430663975403020        4.4722741842269896E-003  0.16251009702682495     
   152.24521994590759        282.97706365585327        280.36514997482300     
   0.0000000000000000        0.0000000000000000        0.0000000000000000     
          29 m=   3.7221165752222974E-007 r=   1.0000000000000000      d=   3.0000000000000000     
   1.3128565587371563        9.8432385921478280E-003   1.1337962932884693E-002
   348.90923738479614        342.58617639541626        112.31863975524902     
   0.0000000000000000        0.0000000000000000        0.0000000000000000     
          30 m=   4.1203338824879192E-007 r=   1.0000000000000000      d=   3.0000000000000000     
   1.3769546656486995        3.3627927303314211E-003   5.6763499975204468E-002
   292.75916576385498        281.24886274337769        314.62060689926147     
   0.0000000000000000        0.0000000000000000        0.0000000000000000     
          31 m=   5.3422999142370659E-007 r=   1.0000000000000000      d=   3.0000000000000000     
   1.4480925819236110        1.6521717309951781E-002  0.18278270959854126     
   141.61849021911621        310.60192823410034        12.852913588285446     
   0.0000000000000000        0.0000000000000000        0.0000000000000000     
          32 m=   5.0166653912375984E-007 r=   1.0000000000000000      d=   3.0000000000000000     
   1.5405906768152493        1.1643785238265992E-002  0.21902218461036682     
   269.20357704162598        90.668781995773315        174.11154270172119     
   0.0000000000000000        0.0000000000000000        0.0000000000000000     
          33 m=   2.6335951719034730E-007 r=   1.0000000000000000      d=   3.0000000000000000     
   1.6277726138032811        1.0154166221618653E-002  0.26542061567306519     
   232.80106544494629        256.91298723220825        32.094556689262390     
   0.0000000000000000        0.0000000000000000        0.0000000000000000     
          34 m=   6.4614123701715520E-007 r=   1.0000000000000000      d=   3.0000000000000000     
   1.6737003354520086        1.8600928783416747E-002   8.9871309697628021E-002
   154.07257676124573        135.90353965759277        296.66220903396606     
   0.0000000000000000        0.0000000000000000        0.0000000000000000     
          35 m=   3.0082971370334629E-007 r=   1.0000000000000000      d=   3.0000000000000000     
   1.7865892219850177        8.0873960256576533E-003  0.44339996576309204     
   7.5399161875247955        346.75392150878906        213.45961332321167     
   0.0000000000000000        0.0000000000000000        0.0000000000000000     
          36 m=   4.3973815462587235E-007 r=   1.0000000000000000      d=   3.0000000000000000     
   1.8393857716757542        7.0451551675796507E-003  0.40839198231697083     
   126.37026071548462        67.504962086677551        194.62102174758911     
   0.0000000000000000        0.0000000000000000        0.0000000000000000     
          37 m=   7.5831476404724579E-007 r=   1.0000000000000000      d=   3.0000000000000000     
   1.9167243404975081        1.1756700277328492E-002  0.23420773446559906     
   214.41284894943237        32.985865473747253        266.81154012680054     
   0.0000000000000000        0.0000000000000000        0.0000000000000000     
          38 m=   4.7705059080342110E-007 r=   1.0000000000000000      d=   3.0000000000000000     
   2.0505055141347794        6.4984852075576785E-003  0.40167027711868286     
   15.261046439409256        167.95565843582153        343.25250148773193     
   0.0000000000000000        0.0000000000000000        0.0000000000000000     
          39 m=   3.8807500560417897E-007 r=   1.0000000000000000      d=   3.0000000000000000     
   2.1351179007418617        1.7455216646194458E-002  0.10535970330238342     
   290.03876209259033        23.704977035522461        334.73959922790527     
   0.0000000000000000        0.0000000000000000        0.0000000000000000     
          40 m=   6.3939025949255516E-007 r=   1.0000000000000000      d=   3.0000000000000000     
   2.2041824285948990        8.9809194207191468E-004   6.4775183796882629E-002
   11.866806149482727        176.08647465705872        12.322797775268555     
   0.0000000000000000        0.0000000000000000        0.0000000000000000     
          41 m=   1.1242050046323255E-006 r=   1.0000000000000000      d=   3.0000000000000000     
   2.3182875570985733        1.2576034069061279E-002  0.23762829601764679     
   193.00970077514648        36.955175399780273        232.20462799072266     
   0.0000000000000000        0.0000000000000000        0.0000000000000000     
          42 m=   8.0578112940484186E-007 r=   1.0000000000000000      d=   3.0000000000000000     
   2.5198301640742833        1.8196039199829102E-002   7.0141844451427460E-002
   26.504637300968170        188.07278394699097        35.949684977531433     
   0.0000000000000000        0.0000000000000000        0.0000000000000000     
          43 m=   1.0035608376581708E-006 r=   1.0000000000000000      d=   3.0000000000000000     
   2.6654563931168536        1.0243226289749146E-002  0.37574133276939392     
   214.58341598510742        299.27588224411011        285.33676385879517     
   0.0000000000000000        0.0000000000000000        0.0000000000000000     
          44 m=   2.8933201018662325E-006 r=   1.0000000000000000      d=   1.5000000000000000     
   2.7000000000000002        1.4129689931869508E-002  0.22753542661666870     
   178.01651716232300        271.42384529113770        23.921286463737488     
   0.0000000000000000        0.0000000000000000        0.0000000000000000     
          45 m=   2.5701149220087735E-006 r=   1.0000000000000000      d=   1.5000000000000000     
   2.9633412366148222        1.7508262395858766E-002   5.4164446890354156E-002
   351.97963714599609        178.96660923957825        94.767165184020996     
   0.0000000000000000        0.0000000000000000        0.0000000000000000     
          46 m=   2.7153649838931162E-006 r=   1.0000000000000000      d=   1.5000000000000000     
   3.1997424140015482        5.7921504974365236E-003  0.39230260252952576     
   100.70344090461731        205.05661725997925        274.94266748428345     
   0.0000000000000000        0.0000000000000000        0.0000000000000000     
          47 m=   2.9370784718528289E-006 r=   1.0000000000000000      d=   1.5000000000000000     
   3.4518767626944142        5.1900106668472295E-003  0.39223131537437439     
   301.50921821594238        76.719369292259216        91.165591478347778     
   0.0000000000000000        0.0000000000000000        0.0000000000000000     
          48 m=   2.3716001992797655E-006 r=   1.0000000000000000      d=   1.5000000000000000     
   3.7273626613239852        1.1172407865524292E-002  0.44387593865394592     
   308.44526052474976        163.30142498016357        236.96280241012573     
   0.0000000000000000        0.0000000000000000        0.0000000000000000     
          49 m=   5.7128323444783409E-006 r=   1.0000000000000000      d=   1.5000000000000000     
   3.9522738090530951        9.9947822093963620E-003  0.39222046732902527     
   13.491420149803162        265.29321670532227        159.05088543891907     
   0.0000000000000000        0.0000000000000000        0.0000000000000000     
          50 m=   7.1767269471982174E-006 r=   1.0000000000000000      d=   1.5000000000000000     
   4.4989473938862083        1.8358501195907592E-002  0.38790306448936462     
   328.02141666412354        29.772286713123322        231.14667892456055     
   0.0000000000000000        0.0000000000000000        0.0000000000000000     
